0 0
0.00578797 -0.810683
0.0254955 -1.63141
0.028841 -2.43572
0.0371477 -3.25529
0.0591858 -4.0812
0.0802415 -4.91173
0.11252 -5.73574
0.15301 -6.56955
0.188298 -7.40234
0.225479 -8.227
0.274796 -9.05307
0.330375 -9.8766
0.386168 -10.7044
0.437433 -11.5386
0.510618 -12.3643
0.570383 -13.19
0.619801 -14.0209
0.66813 -14.8536
0.719452 -15.6865
0.778592 -16.5507
0.801155 -17.4033
0.832199 -18.2222
0.828526 -19.0763
0.843612 -19.9145
0.8294 -20.7753
0.828576 -21.6149
0.829064 -22.4529
0.82114 -23.2942
0.825689 -24.1537
0.815589 -24.9957
0.828636 -25.8489
0.836549 -26.7001
0.860331 -27.5458
0.899594 -28.389
0.959714 -29.2161
0.977913 -30.0508
0.976325 -30.8868
0.96737 -31.7404
0.969022 -32.6011
0.996229 -33.441
1.02302 -34.2845
1.03279 -35.1199
1.08164 -35.9459
1.11851 -36.7878
1.22839 -37.6342
1.29881 -38.4938
1.36278 -39.3124
1.43036 -40.1481
1.49175 -40.9704
1.5761 -41.8134
1.68483 -42.6518
1.74348 -43.4962
1.82093 -44.3401
1.88432 -45.1789
2.00894 -46.0351
2.12751 -46.8844
2.25487 -47.73
2.42405 -48.5601
2.55919 -49.4109
2.73305 -50.239
2.86512 -51.0774
3.0316 -51.9448
3.19161 -52.798
3.36315 -53.6636
3.57271 -54.4981
3.76457 -55.3433
3.96189 -56.1814
4.21738 -57.0225
4.41825 -57.8629
4.58825 -58.7205
4.8533 -59.5486
5.13208 -60.3411
5.34581 -61.1786
5.61641 -62.0065
5.83577 -62.8286
6.02503 -63.6627
6.21058 -64.4903
6.4029 -65.311
6.59974 -66.1347
6.82063 -66.9429
6.99608 -67.7514
7.20148 -68.5708
7.42123 -69.3862
7.58497 -70.2098
7.798 -71.0057
8.02294 -71.8103
8.22123 -72.6125
8.39418 -73.4237
8.65531 -74.1948
8.80702 -75.0069
8.9673 -75.8008
9.13713 -76.5989
9.30807 -77.3987
9.53002 -78.18
9.72981 -78.9711
9.90488 -79.7703
10.1835 -80.5645
10.4383 -81.3566
10.6567 -82.1474
10.9238 -82.9242
11.208 -83.6912
11.4795 -84.4815
11.8302 -85.2468
12.1817 -86.008
12.5164 -86.8043
12.9569 -87.537
13.3021 -88.2958
13.7334 -89.0381
14.091 -89.7851
14.5459 -90.5082
14.8994 -91.2474
15.299 -91.9851
15.7447 -92.7113
16.1942 -93.411
16.5724 -94.1373
17.03 -94.8381
17.491 -95.5466
17.896 -96.2525
18.4062 -96.9386
18.9084 -97.6175
19.4962 -98.2769
20.0109 -98.9446
20.5451 -99.6104
20.9997 -100.297
21.4253 -100.978
21.9226 -101.657
22.3743 -102.341
22.8293 -103.013
23.1748 -103.708
23.5488 -104.388
24.0227 -105.055
24.3993 -105.738
24.8618 -106.384
25.2263 -107.041
25.4995 -107.724
25.8406 -108.391
26.0824 -109.079
26.3965 -109.745
26.6077 -110.438
26.6209 -111.16
26.8335 -111.845
26.9013 -112.57
26.8105 -113.333
26.5967 -114.109
26.3575 -114.9
26.0713 -115.701
25.9824 -116.453
26.0181 -117.184
26.0049 -117.935
25.8734 -118.701
25.8243 -119.448
25.9443 -120.163
25.8128 -120.931
25.8716 -121.674
25.9279 -122.392
25.9572 -123.119
26.0525 -123.822
26.1436 -124.521
26.2901 -125.206
26.4662 -125.899
26.6183 -126.584
26.8895 -127.254
27.2655 -127.904
27.6299 -128.548
28.1429 -129.161
28.6292 -129.774
29.0581 -130.396
29.2887 -131.064
29.6051 -131.718
29.9661 -132.355
30.1821 -133.02
30.4464 -133.679
30.6978 -134.343
30.8477 -135.027
30.9209 -135.73
31.067 -136.408
31.332 -137.082
31.5411 -137.775
31.7065 -138.478
31.8707 -139.182
31.9283 -139.912
32.0741 -140.627
32.1501 -141.368
32.2425 -142.111
32.3005 -142.859
32.3942 -143.615
32.5257 -144.366
32.831 -145.078
33.1209 -145.8
33.4246 -146.525
33.6669 -147.253
33.8678 -147.998
34.0646 -148.766
34.2775 -149.527
34.4395 -150.305
34.6808 -151.061
34.685 -151.881
34.6343 -152.712
34.5016 -153.572
34.1741 -154.462
33.8572 -155.354
33.5784 -156.245
33.1225 -157.163
32.6326 -158.081
32.0131 -159.014
31.4401 -159.944
30.7505 -160.887
29.8338 -161.867
28.9901 -162.828
28.2559 -163.752
27.5111 -164.689
26.7104 -165.623
26.1262 -166.516
25.5261 -167.423
24.9521 -168.336
24.3123 -169.235
23.6948 -170.145
22.9917 -171.067
22.3484 -171.984
21.5797 -172.908

