0 0
0.00578797 -0.810683
0.0254955 -1.63141
0.0284256 -2.4364
0.037959 -3.25492
0.0597 -4.08266
0.0799573 -4.91067
0.112377 -5.73406
0.152176 -6.56132
0.189251 -7.39923
0.225188 -8.22498
0.276682 -9.04882
0.33322 -9.87237
0.385928 -10.7012
0.439779 -11.535
0.514043 -12.3563
0.572708 -13.1792
0.621164 -14.0108
0.668391 -14.8436
0.716526 -15.6936
0.77189 -16.5389
0.803172 -17.4008
0.837454 -18.2198
0.834016 -19.0637
0.837124 -19.9148
0.851482 -20.7482
0.840147 -21.5861
0.82175 -22.4369
0.803785 -23.2761
0.804832 -24.1174
0.801025 -24.9557
0.800441 -25.8217
0.818637 -26.6583
0.834234 -27.5088
0.903674 -28.3687
0.955872 -29.2084
0.981471 -30.0755
0.980367 -30.9271
0.977301 -31.7825
0.982936 -32.6328
1.0079 -33.4778
1.01666 -34.3168
1.04432 -35.1464
1.03743 -35.9839
1.08042 -36.8308
1.16597 -37.6743
1.24183 -38.5042
1.32099 -39.3387
1.3727 -40.1796
1.4489 -41.0213
1.56198 -41.8442
1.63911 -42.6925
1.69784 -43.5344
1.76198 -44.3684
1.84606 -45.2163
1.93936 -46.0389
2.05933 -46.8807
2.18236 -47.7288
2.35658 -48.5705
2.46849 -49.4114
2.64361 -50.2607
2.79946 -51.0955
2.99323 -51.9647
3.11985 -52.8122
3.33312 -53.6469
3.54357 -54.4882
3.76266 -55.2844
3.96004 -56.1273
4.19551 -56.9633
4.40193 -57.802
4.546 -58.6626
4.80863 -59.4909
5.05946 -60.2955
5.26768 -61.1346
5.52284 -61.9594
5.7321 -62.7905
5.92613 -63.6178
6.06725 -64.469
6.26863 -65.2951
6.47344 -66.1174
6.68327 -66.9279
6.88442 -67.7312
7.05986 -68.5598
7.29142 -69.3591
7.47655 -70.177
7.67856 -70.9897
7.91807 -71.7952
8.09183 -72.607
8.2748 -73.4063
8.52632 -74.2
8.68472 -75.005
8.8562 -75.8139
9.04415 -76.6086
9.19895 -77.4067
9.41132 -78.1929
9.59571 -78.9838
9.77049 -79.7794
10.0746 -80.5769
10.2958 -81.3606
10.5907 -82.1351
10.8355 -82.9122
11.1103 -83.7004
11.3653 -84.4784
11.7353 -85.2522
12.0625 -86.021
12.4102 -86.7773
12.8795 -87.5053
13.2348 -88.2537
13.6398 -88.992
14.0561 -89.7188
14.4673 -90.4562
14.8322 -91.2025
15.216 -91.9468
15.6286 -92.6785
16.1112 -93.3957
16.484 -94.1139
16.9156 -94.8306
17.4321 -95.5093
17.8581 -96.2136
18.3266 -96.9056
18.8931 -97.5642
19.4419 -98.2437
19.9637 -98.9214
20.5528 -99.5771
20.9802 -100.266
21.3797 -100.938
21.8863 -101.602
22.3655 -102.267
22.8665 -102.923
23.2327 -103.601
23.5237 -104.302
23.9896 -104.956
24.3019 -105.65
24.792 -106.29
25.1026 -106.966
25.4049 -107.645
25.7314 -108.309
26.0534 -108.982
26.4051 -109.641
26.5693 -110.341
26.6376 -111.064
26.8198 -111.735
26.9152 -112.449
26.8344 -113.215
26.5902 -113.986
26.356 -114.776
26.0704 -115.576
25.9571 -116.335
26.0118 -117.063
25.9497 -117.816
25.8256 -118.584
25.8041 -119.332
25.9115 -120.051
25.8186 -120.814
25.8816 -121.56
25.934 -122.278
25.9245 -123.007
26.018 -123.71
26.0985 -124.412
26.3062 -125.08
26.4942 -125.758
26.5794 -126.471
26.8831 -127.135
27.2662 -127.785
27.6466 -128.441
28.0998 -129.062
28.5802 -129.665
29.0247 -130.284
29.2757 -130.945
29.5799 -131.604
29.936 -132.242
30.1388 -132.913
30.4235 -133.566
30.6705 -134.231
30.8614 -134.918
30.9221 -135.624
31.0555 -136.304
31.3251 -136.977
31.5437 -137.67
31.7245 -138.369
31.8611 -139.08
31.9704 -139.801
32.1076 -140.518
32.1933 -141.256
32.2653 -142.003
32.3325 -142.749
32.4205 -143.505
32.5562 -144.256
32.8532 -144.969
33.134 -145.691
33.4591 -146.41
33.6582 -147.147
33.865 -147.888
34.0577 -148.657
34.2668 -149.418
34.4671 -150.197
34.7248 -150.936
34.6674 -151.764
34.6443 -152.59
34.4134 -153.475
34.1742 -154.352
33.8396 -155.243
33.4634 -156.147
33.0239 -157.068
32.576 -157.977
31.9597 -158.908
31.3499 -159.847
30.6063 -160.802
29.7473 -161.772
28.8799 -162.735
28.0852 -163.668
27.3919 -164.612
26.6455 -165.547
26.0626 -166.44
25.4681 -167.356
24.8568 -168.265
24.2412 -169.164
23.6358 -170.065
22.9455 -170.989
22.2297 -171.913
21.4958 -172.841
20.8168 -173.753
19.965 -174.69
19.1972 -175.601
18.3154 -176.527
17.4105 -177.455
16.6534 -178.353
15.8819 -179.265
14.9725 -180.18
14.2385 -181.069
13.7185 -181.96
13.0039 -182.853
12.204 -183.746
11.347 -184.645
10.3766 -185.55
9.48744 -186.445
8.77799 -187.342
7.98645 -188.232
7.3222 -189.102
6.47398 -189.986
5.66149 -190.853
5.08747 -191.728
4.5702 -192.585
4.23026 -193.411
4.09298 -194.268
4.02567 -195.098
4.12884 -195.915
4.34237 -196.747
4.37828 -197.577
4.43636 -198.401
4.45793 -199.222
4.47348 -200.035
4.40227 -200.842
4.49783 -201.644
4.43554 -202.441
4.42918 -203.236
4.64139 -204.009
4.6125 -204.784
4.69106 -205.549
4.93573 -206.315
5.16521 -207.067
5.42328 -207.802
5.76219 -208.545
6.18298 -209.267
6.63361 -209.976
7.2099 -210.668
7.74174 -211.341
8.29828 -212.007
9.04388 -212.649
9.52464 -213.276
9.94061 -213.895
10.5211 -214.475
11.0927 -215.023
11.6339 -215.551
12.3229 -216.034
13.285 -216.487
14.1889 -216.895
15.2868 -217.292
16.2885 -217.675
17.1878 -218.06
18.0041 -218.447
18.7806 -218.822
18.9435 -219.248
18.6548 -219.707
17.8004 -220.224
16.213 -220.775
13.9332 -221.336
10.544 -221.937
6.48425 -222.506
1.12825 -222.981
-5.05713 -223.313
-12.3592 -223.4
-20.5204 -223.158
-29.15 -222.562
-38.4781 -221.478
-48.4433 -219.868
-58.834 -217.658
-69.1671 -214.936
-79.5588 -211.659
-89.9338 -207.812
-100.473 -203.263
-110.737 -198.161
-120.792 -192.531
-130.941 -186.107
-140.684 -179.189
-150 -171.797
-158.812 -164
-167.072 -155.898
-175.082 -147.157
-182.458 -138.165
-189.559 -128.57
-196.131 -118.626
-202.066 -108.514
-207.218 -98.5565
-211.594 -89.0859
-215.229 -80.2312
-218.175 -72.1971
-220.544 -64.9829
-222.378 -58.7768
-223.725 -53.8069
-224.669 -50.1505
-225.358 -47.4004
-225.862 -45.2646
-226.241 -43.7414
-226.511 -42.8466
-226.662 -42.5684
-226.816 -42.4842
-226.794 -43.1088
-226.693 -44.0824
-226.645 -44.8491
-226.622 -45.5354
-226.535 -46.5905
-226.425 -47.7315
-226.36 -48.7112
-226.231 -49.935
-226.064 -51.3343
-225.927 -52.6468
-225.726 -54.1895
-225.587 -55.4637
-225.403 -56.8162
-225.197 -58.3434
-225.01 -59.7859
-224.798 -61.2558
-224.429 -63.1794
-224.177 -64.7884
-223.814 -66.7304
-223.403 -68.7979
-223 -70.7935
-222.46 -73.1992
-221.875 -75.6428
-221.382 -77.7932
-220.796 -80.154
-220.146 -82.649
-219.529 -84.9558
-218.954 -87.1571
-218.338 -89.4112
-217.726 -91.5989
-217.184 -93.6071
-216.677 -95.5099
-216.198 -97.3125
-215.743 -99.0534
-215.339 -100.657
-214.829 -102.472
-214.332 -104.255
-213.993 -105.699
-213.575 -107.29
-213.254 -108.69
-212.751 -110.417
-212.321 -112
-211.972 -113.439
-211.469 -115.147
-211.174 -116.468
-210.706 -118.069
-210.365 -119.456
-210.189 -120.531
-210.08 -121.516
-210.032 -122.415
-209.928 -123.391
-209.882 -124.286
-209.729 -125.309
-209.682 -126.196
-209.605 -127.164
-209.436 -128.238
-209.242 -129.375
-209.017 -130.53
-208.762 -131.726
-208.64 -132.687
-208.347 -133.937
-208.234 -134.909
-208.105 -135.905
-207.974 -136.883
-207.896 -137.777
-207.742 -138.794
-207.397 -140.087
-206.935 -141.519
-206.753 -142.567
-206.266 -144.078
-205.778 -145.558
-205.348 -146.929
-204.855 -148.384
-204.687 -149.419
-204.285 -150.744
-203.832 -152.089
-203.636 -153.123
-203.652 -153.869
-203.6 -154.717
-203.742 -155.3
-203.946 -155.816
-204.261 -156.171
-204.651 -156.448
-205.018 -156.76
-205.193 -157.336
-205.312 -157.99
-205.387 -158.693
-205.48 -159.388
-205.407 -160.319
-205.252 -161.34
-204.993 -162.495
-204.798 -163.567
-204.506 -164.779
-204.057 -166.171
-203.692 -167.416
-203.441 -168.567
-203.237 -169.664
-202.866 -170.967
-202.565 -172.201
-202.283 -173.41
-202.078 -174.514
-201.701 -175.795
-201.504 -176.855
-201.291 -177.969
-201.159 -178.974
-201.123 -179.84
-200.958 -180.887
-200.547 -182.197
-199.973 -183.674
-199.602 -184.936
-199.271 -186.17
-199.033 -187.256
-198.753 -188.409
-198.486 -189.583
-198.028 -190.924
-197.598 -192.187
-197.385 -193.251
-197.455 -194.013
-197.175 -195.107
-197.102 -196.02
-196.975 -196.994
-197.099 -197.742
-196.882 -198.805
-196.635 -199.863
-196.476 -200.82
-196.577 -201.523
-196.607 -202.304
-196.611 -203.14
-196.284 -204.325
-196.365 -205.09
-196.129 -206.137
-196.023 -207.055
-195.906 -208.006
-195.934 -208.825
-196.129 -209.503
-195.654 -210.794
-195.614 -211.706
-195.487 -212.699
-195.283 -213.727
-195.291 -214.573
-194.98 -215.692
-195.077 -216.444
-194.812 -217.527
-194.905 -218.327
-194.801 -219.263
-194.892 -220.035
-195.013 -220.776
-194.898 -221.728
-195.002 -222.494
-195.012 -223.37
-195.04 -224.195
-194.824 -225.236
-194.612 -226.26
-194.684 -227.069
-194.429 -228.147
-194.587 -228.878
-194.307 -229.986
-194.045 -231.076
-193.789 -232.157
-193.487 -233.278
-193.518 -234.104
-193.187 -235.236
-193.069 -236.183
-192.571 -237.436
-192.331 -238.513
-192.329 -239.385
-192.099 -240.441
-192.324 -241.145
-192.22 -242.101
-192.007 -243.129
-191.75 -244.222
-191.715 -245.147
-191.965 -245.839
-191.842 -246.808
-191.9 -247.616
-191.977 -248.398
-192.109 -249.182
-192.27 -249.944
-192.479 -250.677
-192.671 -251.401
-192.346 -252.471
-192.487 -253.222
-192.656 -253.99
-192.333 -255.101
-192.396 -255.909
-192.348 -256.786
-192.013 -257.863
-191.75 -258.912
-191.669 -259.821
-191.25 -260.976
-190.594 -262.255
-189.711 -263.691
-189.267 -264.91
-187.99 -266.661
-186.909 -268.254
-184.935 -270.427
-182.887 -272.619
-180.843 -274.795
-178.041 -277.433
-174.906 -280.207
-171.692 -282.974
-167.383 -286.301
-162.426 -289.888
-156.512 -293.894
-150.057 -297.976
-142.835 -302.229
-135.234 -306.42
-126.957 -310.65
-118.412 -314.707
-109.917 -318.475
-101.192 -322.045
-92.6548 -325.288
-83.2259 -328.5
-73.3495 -331.538
-65.1483 -333.936
-56.6617 -336.158
-47.8506 -338.194
-38.5546 -340.062
-29.8376 -341.606
-20.8617 -342.936
-12.3139 -344.013
-3.32136 -344.865
4.80571 -345.481
13.2467 -345.892
21.585 -346.126
29.5544 -346.204
37.7349 -346.055
46.1723 -345.688
53.9053 -345.221
60.4541 -344.763
67.3618 -344.128
73.8226 -343.426
79.2933 -342.831
85.0789 -342.075
90.8794 -341.216
96.4386 -340.318
102.073 -339.29
107.39 -338.267
112.376 -337.279
117.947 -335.989
123.63 -334.592
128.728 -333.297
134.093 -331.809
139.089 -330.365
144.435 -328.684
149.932 -326.84
155.783 -324.74
161.217 -322.718
166.149 -320.848
171.09 -318.897
175.572 -317.096
179.618 -315.476
183.118 -314.115
186.405 -312.835
189.256 -311.788
191.747 -310.936
194.274 -310.043
196.541 -309.267
198.493 -308.695
200.513 -308.113
202.685 -307.41
204.191 -307.119
205.349 -307.046
207.297 -306.421
208.382 -306.381
209.635 -306.227
210.49 -306.323
211.465 -306.354
212.286 -306.503
213.659 -306.281
214.415 -306.442
215.135 -306.651
215.774 -306.902
216.562 -307.051
217.106 -307.367
217.774 -307.596
218.621 -307.659
219.327 -307.862
219.664 -308.413
219.854 -309.005
219.947 -309.68
220.22 -310.19
220.84 -310.492
221.098 -311.059
221.429 -311.575
221.824 -312.031
222.112 -312.584
222.556 -313.046
222.957 -313.539
223.518 -313.925
224.105 -314.299
224.611 -314.747
225.487 -314.92
225.933 -315.379
226.641 -315.638
227.611 -315.727
228.678 -315.745
229.622 -315.825
230.564 -315.903
231.811 -315.753
232.939 -315.701
234.497 -315.314
236.019 -314.942
237.792 -314.383
239.622 -313.759
241.271 -313.265
242.555 -313.057
243.547 -313.093
244.354 -313.281
245.309 -313.322
246.197 -313.419
246.743 -313.772
246.987 -314.345
247.007 -315.111
246.615 -316.187
246.161 -317.311
245.725 -318.405
245.166 -319.577
244.698 -320.731
244.298 -321.844
244.112 -322.79
244.17 -323.561
243.641 -324.749
243.592 -325.585
243.502 -326.427
243.787 -326.989
243.908 -327.707
244.258 -328.28
244.424 -328.968
244.709 -329.551
244.89 -330.214
245.281 -330.735
245.809 -331.167
246.458 -331.516
246.481 -332.313
246.419 -333.174
246.236 -334.131
246.022 -335.104
245.834 -336.08
245.289 -337.313
244.719 -338.573
244.212 -339.79
243.762 -340.975
243.736 -341.862
243.7 -342.751
244.102 -343.344
244.241 -344.096
244.603 -344.714
244.652 -345.573
244.804 -346.346
244.311 -347.577
243.712 -348.865
243.038 -350.199
242.086 -351.73
240.827 -353.465
239.479 -355.244
238.052 -357.04
236.879 -358.669
236.069 -360.076
235.506 -361.354
235.016 -362.542
234.842 -363.507
234.599 -364.487
234.715 -365.213
235.191 -365.755
235.932 -366.191
237.39 -366.13
239.462 -365.621
241.855 -364.883
244.628 -363.872
247.291 -362.879
250.377 -361.626
253.32 -360.431
256.447 -359.069
259.561 -357.667
263.086 -355.919
266.938 -353.881
270.524 -351.962
274.377 -349.809
278.197 -347.628
281.728 -345.587
285.417 -343.339
288.986 -341.141
292.868 -338.606
296.847 -335.915
300.474 -333.474
304.566 -330.617
308.278 -327.992
312.149 -325.175
316.35 -321.914
320 -319.1
323.787 -316.056
327.809 -312.714
331.67 -309.427
335.37 -306.208
339.22 -302.699
342.634 -299.609
346.545 -295.921
349.861 -292.739
353.251 -289.363
356.953 -285.31
360.298 -281.674
364.45 -277.065
368.357 -272.871
372.46 -268.321
376.594 -263.342
380.63 -258.136
384.58 -252.963
388.724 -247.423
392.559 -242.11
396.349 -236.651
400.364 -230.652
404.478 -224.164
408.74 -217.122
412.453 -210.742
417.152 -202.085
421.699 -193.14
426.501 -182.978
431.549 -171.596
435.921 -160.873
440.218 -149.412
444.5 -136.915
448.237 -124.801
451.856 -111.65
455.408 -96.8456
458.553 -81.4129
461.07 -66.2839
463 -51.6491
464.444 -36.9875
465.395 -22.5695
465.876 -9.08964
465.948 2.69878
465.721 13.8362
465.315 23.0766
464.81 30.6599
464.221 37.6174
463.598 43.7062
463.06 48.6206
462.599 52.1624
462.246 54.3316
461.935 55.9587
461.807 56.3278
461.825 55.7579
461.857 54.7501
461.907 53.3216
461.933 51.6845
462.067 49.5259
462.223 47.0694
462.484 44.3803
462.722 41.6299
462.885 39.1658
463.006 36.5222
463.158 34.1161
463.301 31.5185
463.453 28.3105
463.54 25.4034
463.637 22.7302
463.711 20.1364
463.757 18.3062
463.808 16.8613
463.833 15.5716
463.831 14.4883
463.808 13.6429
463.795 13.0086
463.785 13.1205
463.793 12.8629
463.714 12.8814
463.701 12.4256
463.744 12.3984
463.688 12.969
463.546 13.427
463.521 13.9059
463.505 14.7933
463.528 15.6708
463.439 17.305
463.358 18.9428
463.3 20.8031
463.265 22.2187
463.164 23.1285
463.062 24.1845
463.008 24.4714
462.984 24.5471
462.989 24.1511
462.971 23.9511
462.985 22.9779
462.991 22.0162
462.993 21.1769
463.002 19.8805
462.993 18.1708
463.046 16.2372
463.05 15.3531
463.075 14.304
463.1 13.2856
463.131 12.5132
463.173 11.3695
463.167 10.0525
463.134 8.79651
463.12 7.35897
463.138 5.6734
463.129 4.06592
463.133 2.38787
463.177 0.86504
463.216 -0.974931
463.25 -2.51099
463.278 -4.41014
463.29 -5.99038
463.278 -7.87788
463.267 -9.59476
463.253 -11.2829
463.246 -12.5387
463.236 -13.8558
463.224 -15.0116
463.224 -15.8893
463.243 -16.5833
463.266 -17.1488
463.262 -18.2466
463.254 -19.2691
463.231 -20.5807
463.169 -22.4496
463.147 -23.8376
463.105 -25.5485
463.071 -27.2174
463.035 -28.7268
462.973 -30.5133
462.949 -31.8182
462.899 -33.5294
462.858 -35.1112
462.825 -36.4536
462.811 -37.7386
462.829 -38.458
462.846 -39.2094
462.864 -39.8719
462.853 -40.6023
462.839 -41.506
462.89 -41.6871
462.896 -42.2234
462.945 -42.6862
462.967 -43.2749
462.917 -44.1497
462.933 -44.504
463.023 -44.6326
463.061 -45.1918
463.045 -45.9906
463.06 -46.3604
463.089 -46.9199
463.164 -47.5961
463.159 -48.6287
463.147 -49.6225
463.105 -50.9615
463.046 -52.531
462.98 -54.2257
462.858 -55.8214
462.797 -57.0036
462.835 -58.0088
462.844 -59.1283
462.862 -59.9248
462.922 -60.3697
463.055 -60.4121
463.235 -59.9705
463.398 -59.5781
463.544 -59.1595
463.712 -58.4524
463.848 -57.87
464.043 -56.889
464.216 -56.3054
464.44 -54.9394
464.758 -53.1941
465.075 -51.8554
465.335 -50.4375
465.553 -48.8797
465.821 -47.398
466.06 -46.1817
466.284 -44.7767
466.544 -43.471
466.785 -41.9228
466.97 -40.9623
467.191 -39.671
467.316 -38.9622
467.42 -38.5744
467.557 -37.7786
467.656 -37.4391
467.748 -37.1684
467.8 -37.2597
467.89 -37.1364
467.934 -37.366
468.013 -37.2543
468.075 -37.4383
468.142 -37.5504
468.188 -37.8006
468.198 -38.434
468.272 -38.4579
468.323 -38.6984
468.36 -38.9462
468.397 -39.1952
468.458 -39.2032
468.508 -39.0373
468.575 -39.3214
468.678 -38.9063
468.731 -38.9876
468.781 -39.0403
468.824 -39.2588
468.918 -38.8699
468.946 -39.1945
468.992 -39.2266
469.081 -38.7618
469.177 -38.2339
469.189 -38.5876
469.309 -37.6245
469.414 -37.0011
469.486 -36.6487
469.624 -35.4147
469.728 -34.4287
469.857 -33.0125
469.977 -31.7506
470.104 -30.3243
470.215 -29.0058
470.276 -28.0108
470.34 -27.0767
470.405 -26.0249
470.499 -24.8741
470.606 -23.4343
470.648 -22.8776
470.687 -22.1834
470.723 -21.4584
470.757 -20.7621
470.778 -20.4981
470.805 -19.8391
470.855 -18.976
470.898 -18.4291
470.915 -18.0027
470.955 -17.1879
470.946 -17.1555
470.964 -16.8788
470.976 -16.4962
470.979 -16.4552
471.006 -15.9504
471.013 -15.9987
471.017 -16.1397
470.999 -16.2894
471.006 -16.1139
470.992 -16.6673
470.986 -17.1592
470.996 -17.3607
470.985 -17.8593
470.948 -18.9712
470.92 -19.7988
470.923 -20.1444
470.899 -20.8476
470.863 -21.7564
470.818 -22.7994
470.784 -23.9945
470.768 -24.909
470.733 -25.8235
470.71 -26.5166
470.69 -27.1135
470.681 -28.046
470.662 -28.7797
470.654 -29.3543
470.718 -28.6083
470.706 -29.1821
470.72 -29.475
470.796 -28.7782
470.858 -28.3234
470.905 -28.036
470.972 -27.442
471.039 -26.7043
471.13 -25.4439
471.259 -23.3715
471.433 -20.6547
471.541 -18.6098
471.648 -16.3087
471.707 -14.4929
471.761 -12.5573
471.821 -10.5821
471.857 -8.82451
471.895 -6.83631
471.915 -5.07324
471.952 -2.52921
471.942 -0.598507
471.911 1.9415
471.887 4.87382
471.856 8.00254
471.779 11.2955
471.657 14.5612
471.507 18.0674
471.289 22.0363
471.023 26.3314
470.766 30.092
470.445 34.1475
470.04 38.4421
469.565 42.9284
468.956 48.1272
468.377 52.338
467.805 56.2302
467.069 60.859
466.402 64.544
465.797 68.1701
465.213 71.4882
464.575 74.7123
463.887 77.9315
463.094 81.3625
462.529 83.8663
462.072 85.6777
461.525 87.6305
460.965 89.5864
460.644 90.9278
460.361 91.722
460.111 92.1912
459.821 92.8267
459.699 92.7867
459.513 92.8025
459.277 92.9012
459.175 92.6824
459.095 92.1254
458.967 91.5005
458.829 91.269
458.684 91.2829
458.611 90.889
458.49 90.6569
458.307 90.7446
458.094 91.0229
457.922 91.2689
457.647 91.6708
457.405 91.8371
457.192 92.0996
457.001 92.0645
456.802 92.0054
456.617 91.786
456.544 91.3194
456.412 90.7966
456.291 90.6064
456.165 90.1988
455.863 90.2701
455.808 89.9845
455.742 90.0009
455.633 89.8834
455.448 89.7936
455.327 89.7339
455.349 89.3485
455.293 88.74
455.211 88.054
455.092 87.632
455.129 87.2961
455.016 87.5127
454.917 87.5723
454.695 88.3915
454.372 89.729
454.067 90.5901
453.737 91.5032
453.43 92.3261
453.104 93.1562
452.625 94.7514
452.14 96.1907
451.633 97.6923
450.969 99.9502
450.35 101.875
449.622 104.262
448.901 106.504
448.104 108.915
447.382 111.108
446.56 113.583
445.897 115.365
445.323 116.785
444.822 117.86
444.155 119.572
443.634 120.903
443.064 122.356
442.518 123.597
441.785 125.347
441.17 126.773
440.527 128.248
439.837 129.817
439.184 131.098
438.495 132.471
437.687 134.182
436.795 136.026
436.168 137.304
435.203 139.58
434.396 141.028
433.565 142.872
432.814 144.476
432.013 145.747
431.485 146.311
430.928 147.061
430.636 146.737
430.006 147.545
429.622 147.687
429.365 147.542
429.326 146.592
429.233 146.053
429.09 145.332
428.79 145.183
428.734 144.539
428.635 144.183
428.607 143.492
428.488 142.706
428.212 142.474
428.263 141.692
428.247 141.431
428.364 140.582
428.537 139.453
428.442 139.148
428.504 138.445
428.457 137.814
428.413 136.848
428.393 135.769
428.295 134.725
428.448 132.923
428.533 131.322
428.808 129.493
428.848 128.254
428.964 127.369
428.937 127.402
428.694 127.911
428.37 128.626
428.114 128.991
428.046 128.569
427.892 128.228
427.597 128.052
427.305 127.736
427.054 127.584
426.676 127.871
426.463 127.648
426.096 128.354
425.77 128.921
425.489 129.435
425.325 129.491
424.97 129.917
424.633 129.941
424.254 130.195
423.974 130.189
423.559 130.621
423.133 131.02
422.765 131.406
422.157 132.413
421.821 132.64
421.034 134.298
420.489 135.276
419.612 137.104
418.964 138.523
418.031 140.649
417.094 142.649
415.941 145.355
415.252 146.925
414.255 149.045
413.634 149.926
412.892 151.361
412.14 152.651
411.307 153.975
410.472 155.485
409.58 157.188
408.781 158.507
407.795 160.21
406.646 162.265
405.423 164.555
403.952 167.286
402.436 170.117
400.764 173.434
398.444 177.841
396.449 181.442
393.899 186.084
391.629 190.007
389.584 193.299
387.348 197.05
385.148 200.517
383.317 203.049
381.249 205.988
379.531 208.381
377.825 210.61
376.529 211.824
375.139 213.204
373.855 214.654
372.912 215.582
371.872 216.776
370.659 218.356
369.31 220.007
367.842 221.784
366.48 223.202
364.927 224.795
363.454 226.265
361.968 227.826
360.506 229.365
358.738 231.316
356.725 233.575
354.457 236.106
352.206 238.536
349.859 241.088
347.594 243.507
345.425 245.73
343.254 247.911
340.914 250.27
338.85 252.206
336.67 254.129
334.788 255.811
332.705 257.698
330.509 259.838
327.89 262.442
325.326 264.888
322.811 267.4
320.25 269.703
317.439 272.27
314.108 275.306
310.774 278.294
307.712 280.865
304.139 284.004
300.559 287.035
296.703 290.298
292.36 293.907
288.237 297.203
283.504 300.972
278.967 304.432
273.996 308.13
269.288 311.524
264.415 314.924
259.333 318.302
254.416 321.496
248.986 325.092
243.988 328.225
239.058 331.143
233.868 334.06
228.431 337.022
222.988 339.944
217.913 342.468
213.39 344.474
208.994 346.368
204.746 348.129
200.398 349.861
196.894 351.129
194.439 351.862
191.745 352.668
189.186 353.327
187.058 353.725
184.726 354.214
182.381 354.693
179.553 355.381
176.519 356.103
173.086 357.006
169.415 358.028
165.718 358.997
161.735 360.056
157.773 361.034
153.57 362.045
149.56 362.951
145.639 363.802
141.196 364.796
137.421 365.448
133.136 366.233
128.885 366.922
124.633 367.587
120.488 368.172
116.563 368.668
112.48 369.165
108.983 369.428
105.484 369.654
101.935 369.866
98.4336 370.016
95.1626 370.066
91.6348 370.123
88.2712 370.127
85.0652 370.074
81.6902 370.062
78.5389 370.006
75.2858 369.928
72.2936 369.775
69.0333 369.635
65.8012 369.472
62.281 369.36
58.6177 369.278
55.1678 369.118
51.8811 368.92
48.4228 368.686
44.9656 368.407
41.9722 368.062
39.5718 367.681
37.3605 367.269
35.2891 366.816
33.2412 366.33
31.7965 365.776
30.7424 365.174
30.2827 364.553
29.5182 363.991
29.1984 363.371
28.9473 362.765
28.6654 362.133
28.7219 361.471
29.4368 360.757
30.2263 360.033
31.1174 359.29
32.2132 358.528
33.346 357.762
34.3682 356.988
35.4335 356.191
36.5289 355.396
37.184 354.638
37.6638 353.883
37.9459 353.141
37.9012 352.443
37.7311 351.73
37.4807 351.007
36.9531 350.299
36.1912 349.596
35.2996 348.893
34.2389 348.214
32.738 347.563
31.2725 346.885
29.3286 346.224
27.1455 345.589
24.1865 345.022
21.16 344.425
18.4184 343.762
15.3685 343.085
12.5247 342.352
10.0687 341.591
7.13187 340.803
4.24833 340.01
1.54272 339.202
-1.32578 338.381
-4.29974 337.533
-7.4368 336.63
-10.699 335.676
-13.5327 334.691
-16.813 333.626
-19.9773 332.561
-22.9617 331.472
-26.1583 330.373
-29.5526 329.197
-33.0113 327.964
-36.4402 326.693
-39.4401 325.449
-42.8832 324.069
-46.2029 322.695
-49.2301 321.322
-52.2065 319.926
-55.246 318.478
-58.3732 316.956
-61.0121 315.475
-63.9103 313.956
-66.9359 312.38
-69.3598 310.952
-72.1286 309.414
-74.386 307.957
-75.981 306.629
-77.3443 305.34
-77.8944 304.266
-78.3204 303.213
-78.7805 302.161
-79.2478 301.117
-79.9357 300.012
-80.4392 298.956
-81.2481 297.814
-82.0474 296.665
-82.8863 295.513
-83.3597 294.484
-83.717 293.466
-84.0396 292.377
-84.2667 291.393
-84.2735 290.499
-83.9458 289.68
-84.0477 288.738
-83.6494 287.947
-83.5572 287.058
-83.3659 286.206
-83.1371 285.362
-83.1942 284.46
-83.3658 283.528
-83.2697 282.669
-83.6366 281.666
-84.0425 280.657
-84.7548 279.547
-85.0904 278.575
-85.6618 277.52
-85.9484 276.555
-86.5213 275.509
-87.0736 274.467
-87.6126 273.431
-88.2071 272.365
-89.1664 271.221
-90.3119 269.985
-91.6431 268.701
-93.1101 267.357
-94.8502 265.924
-96.8161 264.392
-98.9926 262.746
-101.456 260.984
-103.88 259.227
-106.575 257.328
-109.485 255.305
-112.485 253.196
-115.628 250.993
-119.194 248.506
-122.535 246.106
-126.145 243.487
-130.462 240.38
-134.684 237.261
-138.924 234.022
-143.006 230.785
-147.004 227.499
-151.024 224.074
-154.695 220.798
-158.322 217.467
-161.857 214.092
-165.331 210.654
-168.646 207.28
-172.084 203.712
-175.411 200.089
-178.95 196.173
-182.181 192.432
-185.598 188.386
-188.859 184.37
-192.11 180.22
-195.126 176.164
-197.93 172.238
-200.589 168.329
-203.105 164.525
-205.592 160.71
-207.584 157.404
-209.449 154.147
-211.089 151.113
-212.299 148.672
-213.492 146.167
-214.399 144.073
-215.238 141.993
-215.887 140.221
-216.439 138.564
-216.917 137.023
-217.244 135.691
-217.545 134.402
-217.81 133.154
-217.912 132.172
-218.047 131.137
-218.202 130.049
-218.155 129.278
-218.098 128.57
-217.978 127.907
-217.619 127.63
-217.429 127.164
-217.355 126.477
-217.264 125.867
-217.242 125.084
-217.252 124.252
-217.332 123.313
-217.314 122.557
-217.544 121.359
-217.906 119.94
-218.29 118.443
-218.701 116.892
-219.124 115.285
-219.548 113.657
-219.89 112.123
-220.401 110.235
-220.965 108.227
-221.419 106.397
-221.905 104.597
-222.34 102.892
-222.848 101.108
-223.166 99.6215
-223.534 97.9156
-223.85 96.4805
-224.27 94.7052
-224.769 92.7595
-225.103 91.1945
-225.354 89.7906
-225.48 88.6877
-225.531 87.7028
-225.549 86.7953
-225.607 85.8131
-225.575 85.0415
-225.625 84.0473
-225.611 83.3325
-225.634 82.5163
-225.525 82.0424
-225.424 81.5733
-225.429 80.7172
-225.325 80.2613
-225.309 79.5233
-225.258 78.8641
-225.192 78.2387
-225.219 77.2826
-225.185 76.5037
-225.101 75.8225
-225.046 75.0926
-225.019 74.3233
-224.969 73.6639
-224.917 72.9182
-224.924 72.0395
-224.867 71.3375
-224.879 70.4812
-224.885 69.6254
-224.914 68.6818
-224.954 67.7221
-224.958 66.837
-224.998 65.8649
-225.102 64.6801
-225.276 63.2018
-225.42 61.8031
-225.587 60.3573
-225.759 58.8876
-225.885 57.591
-226.051 56.0018
-226.12 54.8376
-226.269 53.4274
-226.39 52.0597
-226.52 50.6229
-226.567 49.4273
-226.687 48.2524
-226.779 47.1883
-226.806 46.2534
-226.812 45.3868
-226.736 44.9927
-226.669 44.6895
-226.626 44.0524
-226.564 43.6272
-226.539 43.1369
-226.52 42.5768
-226.497 42.0654
-226.469 41.6221
-226.47 40.9095
-226.479 40.2361
-226.503 39.4004
-226.548 38.5672
-226.635 37.4096
-226.703 36.3181
-226.758 35.215
-226.834 34.2469
-226.941 33.048
-227.069 31.7378
-227.202 30.1605
-227.362 28.2408
-227.522 26.4393
-227.729 24.2956
-227.957 21.7348
-228.172 18.8741
-228.37 15.7886
-228.554 12.6218
-228.709 9.10141
-228.845 5.65331
-228.921 2.06959
-228.949 -1.50718
-228.915 -4.9231
-228.861 -8.00658
-228.764 -11.0035
-228.63 -13.876
-228.487 -16.3959
-228.351 -18.5198
-228.248 -20.0731
-228.139 -21.4372
-228.089 -22.2335
-228.051 -22.8513
-228.057 -23.0404
-228.085 -22.9057
-228.144 -22.4621
-228.23 -21.7342
-228.374 -20.4369
-228.45 -19.7108
-228.523 -19.004
-228.573 -18.3884
-228.652 -17.5605
-228.692 -17.1473
-228.739 -16.7027
-228.805 -16.0378
-228.859 -15.5294
-228.879 -15.3603
-228.905 -15.0897
-228.932 -14.9621
-228.963 -14.8001
-228.971 -14.8903
-229.006 -14.755
-229.048 -14.474
-229.086 -14.2461
-229.102 -14.1851
-229.129 -14.0062
-229.133 -14.1693
-229.149 -14.2157
-229.204 -13.7958
-229.227 -13.6962
-229.234 -13.856
-229.241 -13.9372
-229.274 -13.7274
-229.307 -13.5194
-229.308 -13.5326
-229.302 -13.751
-229.337 -13.7478
-229.331 -14.0131
-229.341 -14.3258
-229.318 -14.9274
-229.293 -15.5522
-228.673 -24.494
-228.643 -25.2768
-228.582 -26.3466
-228.494 -27.7158
-228.378 -29.1897
-228.244 -30.7219
-228.047 -32.6625
-227.84 -34.7066
-227.655 -36.6509
-227.399 -38.8041
-227.079 -41.0568
-226.774 -43.3899
-226.404 -45.9331
-225.92 -48.8864
-225.472 -51.5616
-225.015 -54.2206
-224.518 -56.8888
-224.149 -59.077
-223.717 -61.3846
-223.323 -63.5051
-222.915 -65.5515
-222.558 -67.4629
-222.201 -69.3136
-221.907 -70.9392
-221.59 -72.5942
-221.236 -74.3526
-220.905 -76.0156
-220.555 -77.8081
-220.303 -79.2197
-219.888 -81.0783
-219.453 -82.9475
-219.05 -84.7082
-218.607 -86.5381
-218.125 -88.4479
-217.681 -90.2685
-217.294 -91.9231
-216.769 -93.8573
-216.359 -95.4905
-215.928 -97.1296
-215.649 -98.4203
-215.375 -99.7119
-215.098 -101.012
-214.925 -102.04
-214.756 -103.081
-214.51 -104.271
-214.366 -105.312
-214.149 -106.466
-214.01 -107.456
-213.768 -108.609
-213.569 -109.706
-213.313 -110.91
-213.086 -112.103
-212.819 -113.321
-212.726 -114.218
-212.468 -115.382
-212.177 -116.594
-211.982 -117.655
-211.813 -118.722
-211.696 -119.67
-211.606 -120.538
-211.351 -121.71
-211.12 -122.856
-210.904 -123.959
-210.662 -125.09
-210.307 -126.389
-210.084 -127.482
-209.816 -128.65
-209.676 -129.625
-209.431 -130.745
-209.22 -131.813
-209.019 -132.854
-208.868 -133.826
-208.863 -134.535
-208.691 -135.514
-208.509 -136.505
-208.424 -137.356
-208.218 -138.363
-208.027 -139.379
-207.686 -140.6
-207.59 -141.471
-207.446 -142.414
-207.105 -143.649
-206.833 -144.786
-206.667 -145.77
-206.545 -146.698
-206.55 -147.445
-206.423 -148.366
-206.506 -149.002
-206.525 -149.737
-206.529 -150.485
-206.5 -151.3
-206.416 -152.179
-206.231 -153.196
-206.199 -154.021
-206.265 -154.735
-206.373 -155.389
-206.343 -156.225
-206.339 -157.029
-206.261 -157.941
-206.301 -158.704
-206.192 -159.679
-206.077 -160.635
-205.918 -161.647
-205.702 -162.722
-205.602 -163.661
-205.412 -164.702
-205.283 -165.658
-205.142 -166.628
-204.963 -167.653
-204.726 -168.744
-204.509 -169.832
-204.318 -170.881
-204.172 -171.863
-204.009 -172.84
-203.799 -173.884
-203.558 -174.939
-203.525 -175.794
-203.238 -176.915
-203.183 -177.743
-202.977 -178.751
-202.771 -179.757
-202.542 -180.796
-202.301 -181.847
-202.084 -182.9
-201.782 -184.028
-201.647 -184.933
-201.551 -185.837
-201.061 -187.177
-200.951 -188.092
-200.515 -189.335
-200.133 -190.502
-199.749 -191.674
-199.556 -192.661
-199.286 -193.728
-199.07 -194.723
-198.774 -195.784
-198.609 -196.717
-198.096 -198.028
-197.82 -199.093
-197.47 -200.211
-197.273 -201.182
-196.955 -202.276
-196.557 -203.44
-196.331 -204.413
-196.1 -205.409
-195.825 -206.425
-195.424 -207.578
-195.055 -208.702
-194.619 -209.855
-194.556 -210.677
-194.208 -211.789
-193.718 -213.075
-193.404 -214.169
-192.915 -215.42
-192.457 -216.599
-192.281 -217.53
-191.791 -218.742
-191.806 -219.509
-191.618 -220.459
-191.539 -221.307
-191.628 -222.002
-191.601 -222.797
-191.629 -223.529
-191.588 -224.326
-191.5 -225.177
-191.501 -225.969
-191.46 -226.789
-191.182 -227.787
-191.129 -228.576
-190.956 -229.468
-190.985 -230.228
-190.873 -231.079
-190.885 -231.835
-190.753 -232.694
-190.868 -233.336
-190.662 -234.243
-190.638 -234.967
-190.369 -235.887
-190.18 -236.726
-189.888 -237.624
-189.755 -238.386
-189.245 -239.428
-188.839 -240.392
-188.018 -241.666
-187.311 -242.848
-186.53 -244.037
-185.716 -245.281
-184.309 -246.931