start proc frame 0
2 566 162 630 223
6 279 184 363 233
10 5 189 97 242
14 510 173 530 190
start proc frame 1
2 563 164 631 219
6 226 186 330 244
18 24 191 117 239
10 3 197 60 244
14 506 174 527 190
start proc frame 2
2 564 164 632 219
6 159 192 283 254
18 2 196 89 238
14 504 175 523 190
start proc frame 3
2 565 163 631 220
6 72 203 220 274
18 0 198 70 241
14 499 176 519 192
start proc frame 4
2 565 162 631 220
6 5 211 154 291
14 495 176 515 193
start proc frame 5
2 565 162 631 220
14 490 176 512 193
start proc frame 6
2 565 163 632 221
14 485 177 507 194
start proc frame 7
2 566 163 632 221
14 478 177 502 195
start proc frame 8
2 567 162 632 220
14 471 178 496 196
start proc frame 9
2 569 162 633 221
14 464 180 490 198
start proc frame 10
2 571 163 634 221
14 456 181 484 201
start proc frame 11
2 572 163 634 221
14 447 183 476 203
start proc frame 12
2 573 163 635 221
14 436 183 467 204
start proc frame 13
2 572 162 635 221
14 423 182 456 204
start proc frame 14
2 572 162 635 221
14 408 182 443 205
start proc frame 15
2 573 161 635 220
14 391 184 429 209
start proc frame 16
2 573 161 635 220
22 347 179 420 225
start proc frame 17
2 573 162 635 221
22 315 188 398 230
start proc frame 18
22 276 190 368 235
2 571 161 634 221
start proc frame 19
22 234 191 335 241
2 571 159 634 218
start proc frame 20
22 175 193 290 248
2 572 158 634 216
start proc frame 21
2 571 157 634 216
26 37 192 245 284
start proc frame 22
2 571 158 634 217
26 0 195 191 308
start proc frame 23
2 570 160 633 219
30 0 211 62 319
start proc frame 24
2 570 161 633 220
start proc frame 25
2 570 162 632 222
start proc frame 26
2 570 163 632 224
start proc frame 27
2 570 164 633 224
start proc frame 28
2 570 163 633 225
start proc frame 29
2 570 164 633 225
start proc frame 30
2 570 164 634 226
start proc frame 31
2 570 164 634 225
start proc frame 32
2 570 164 634 226
start proc frame 33
2 570 164 634 226
start proc frame 34
2 570 164 635 226
start proc frame 35
2 570 163 634 226
start proc frame 36
2 570 163 634 225
start proc frame 37
2 570 162 635 225
start proc frame 38
2 569 163 635 226
start proc frame 39
2 569 163 634 226
start proc frame 40
2 569 162 635 224
start proc frame 41
2 571 161 636 223
start proc frame 42
2 570 161 636 224
start proc frame 43
2 571 162 638 225
start proc frame 44
2 571 162 638 226
start proc frame 45
2 570 162 638 226
start proc frame 46
2 569 160 636 226
start proc frame 47
2 568 160 636 225
34 12 139 162 267
start proc frame 48
2 567 160 635 225
start proc frame 49
2 567 160 635 226
start proc frame 50
2 567 161 635 227
start proc frame 51
2 566 160 635 226
start proc frame 52
2 566 160 635 225
start proc frame 53
2 565 159 634 225
start proc frame 54
2 564 159 633 224
start proc frame 55
2 563 159 632 225
start proc frame 56
2 562 160 631 226
start proc frame 57
2 562 159 630 225
start proc frame 58
2 561 160 629 226
start proc frame 59
2 560 161 628 226
start proc frame 60
2 559 161 627 226
start proc frame 61
2 559 161 627 226
start proc frame 62
2 559 160 627 225
start proc frame 63
2 560 160 628 226
start proc frame 64
2 562 160 629 226
start proc frame 65
2 563 160 630 226
start proc frame 66
2 565 159 632 225
start proc frame 67
2 567 159 633 225
start proc frame 68
2 567 159 633 225
start proc frame 69
2 567 159 633 225
start proc frame 70
2 567 159 633 225
start proc frame 71
2 566 160 632 225
start proc frame 72
2 565 160 631 226
start proc frame 73
2 565 161 631 226
start proc frame 74
2 565 159 631 225
start proc frame 75
2 565 160 631 225
start proc frame 76
2 565 161 631 226
start proc frame 77
2 565 161 631 227
start proc frame 78
2 564 161 630 227
start proc frame 79
2 564 160 630 226
start proc frame 80
2 564 159 630 225
start proc frame 81
2 564 159 630 223
start proc frame 82
2 563 159 629 224
start proc frame 83
2 562 159 628 224
38 523 176 541 188
start proc frame 84
2 563 160 628 225
38 519 176 537 191
start proc frame 85
2 561 160 627 224
38 514 175 533 191
start proc frame 86
2 559 159 625 223
38 509 174 530 190
start proc frame 87
2 559 159 624 222
38 505 173 526 190
start proc frame 88
2 558 159 622 221
38 500 173 522 191
start proc frame 89
2 559 160 623 222
38 494 173 517 191
start proc frame 90
2 559 161 621 222
38 488 175 512 194
start proc frame 91
2 558 161 620 222
38 480 176 506 195
start proc frame 92
38 472 177 498 197
2 557 161 618 221
start proc frame 93
2 556 161 618 221
38 463 178 490 199
start proc frame 94
2 556 162 617 221
38 452 179 481 201
start proc frame 95
2 555 161 616 221
38 439 180 470 204
start proc frame 96
2 555 161 616 219
42 401 174 463 212
start proc frame 97
42 383 178 445 219
2 555 160 615 219
start proc frame 98
2 555 160 615 218
42 358 181 425 226
start proc frame 99
42 323 184 401 233
2 555 159 614 216
start proc frame 100
42 277 189 370 243
2 555 159 614 216
start proc frame 101
42 218 198 327 257
2 555 159 615 215
start proc frame 102
34 27 192 290 300
2 556 158 616 215
start proc frame 103
2 557 158 617 215
34 4 199 233 325
start proc frame 104
2 558 159 618 215
start proc frame 105
2 558 160 618 216
start proc frame 106
2 559 161 619 218
46 539 172 555 187
start proc frame 107
2 561 162 620 219
start proc frame 108
2 561 162 621 219
start proc frame 109
2 562 160 622 217
46 535 171 552 186
start proc frame 110
2 564 161 623 218
46 534 172 551 188
start proc frame 111
2 565 161 623 218
46 531 174 550 191
start proc frame 112
2 566 162 624 219
46 527 177 546 193
start proc frame 113
2 567 163 624 220
46 524 178 543 195
start proc frame 114
2 567 163 625 220
50 1182 142 1223 165
start proc frame 115
2 566 162 624 219
46 514 178 534 196
start proc frame 116
2 566 161 624 217
46 510 177 531 195
start proc frame 117
2 567 159 624 215
46 503 177 525 196
start proc frame 118
2 567 158 624 214
46 497 177 521 196
start proc frame 119
2 566 157 623 213
46 490 177 515 197
start proc frame 120
2 566 157 623 213
46 481 179 509 200
start proc frame 121
2 567 158 623 213
46 471 180 500 202
start proc frame 122
2 567 158 623 213
46 460 181 491 204
start proc frame 123
2 567 160 622 214
46 447 182 480 207
start proc frame 124
54 410 180 476 221
2 567 161 622 215
start proc frame 125
2 567 163 622 217
54 375 183 466 230
start proc frame 126
54 355 185 441 237
2 568 164 623 217
start proc frame 127
54 317 187 412 243
2 568 164 623 217
start proc frame 128
54 269 193 375 255
2 568 163 622 216
start proc frame 129
58 137 182 338 292
2 569 161 623 214
start proc frame 130
58 2 182 267 333
2 570 161 623 213
start proc frame 131
2 571 160 625 212
58 0 191 163 353
start proc frame 132
2 573 161 625 213
start proc frame 133
2 575 163 628 215
start proc frame 134
2 576 165 629 217
start proc frame 135
2 577 166 630 218
start proc frame 136
2 577 166 630 217
start proc frame 137
2 576 166 629 217
start proc frame 138
2 577 165 629 216
start proc frame 139
2 577 164 629 215
start proc frame 140
2 577 163 628 214
start proc frame 141
2 577 162 629 213
start proc frame 142
2 577 161 628 212
start proc frame 143
2 576 160 628 210
start proc frame 144
2 576 161 627 210
start proc frame 145
2 576 161 627 210
start proc frame 146
2 576 163 626 212
start proc frame 147
2 574 164 624 213
start proc frame 148
2 574 165 624 213
start proc frame 149
2 574 163 624 212
start proc frame 150
2 574 162 624 211
start proc frame 151
2 573 162 624 210
start proc frame 152
2 574 161 625 209
start proc frame 153
2 575 161 626 209
start proc frame 154
2 576 161 627 210
start proc frame 155
2 576 161 626 209
start proc frame 156
2 577 162 626 209
start proc frame 157
2 578 162 627 210
start proc frame 158
2 578 162 627 210
start proc frame 159
2 577 163 626 210
start proc frame 160
2 578 163 626 211
start proc frame 161
2 578 164 626 211
62 519 176 535 187
start proc frame 162
2 578 164 625 212
62 515 176 531 188
start proc frame 163
2 579 165 625 212
62 512 176 530 189
start proc frame 164
2 579 166 625 213
62 510 176 528 190
start proc frame 165
2 579 166 626 213
62 507 177 525 190
start proc frame 166
2 580 167 626 213
start proc frame 167
2 580 167 626 213
62 499 177 518 191
start proc frame 168
2 580 166 625 213
62 495 177 514 192
start proc frame 169
2 580 165 625 212
62 489 178 509 193
start proc frame 170
2 580 165 625 212
62 483 179 504 194
start proc frame 171
2 579 166 625 212
62 476 179 498 195
start proc frame 172
2 579 165 625 212
62 466 180 490 197
start proc frame 173
62 456 180 481 198
2 579 164 625 211
start proc frame 174
62 446 181 472 199
2 579 163 625 209
start proc frame 175
62 434 181 461 201
2 579 163 625 209
start proc frame 176
62 419 183 448 204
2 579 164 625 210
start proc frame 177
66 382 179 432 218
2 578 164 624 210
start proc frame 178
66 357 179 412 219
2 578 164 625 210
start proc frame 179
66 326 181 384 224
2 579 164 625 210
start proc frame 180
66 282 185 350 230
2 579 163 625 209
start proc frame 181
66 228 188 308 239
2 579 163 625 208
start proc frame 182
74 92 181 259 270
70 533 173 545 184
2 579 163 625 208
start proc frame 183
74 0 185 179 298
70 531 173 544 185
2 579 164 624 209
start proc frame 184
2 578 164 623 208
70 528 174 542 186
start proc frame 185
2 578 164 622 208
70 525 173 540 186
start proc frame 186
2 578 164 622 208
70 523 173 538 186
start proc frame 187
2 579 164 623 208
70 519 173 535 186
start proc frame 188
2 579 164 623 208
70 516 173 532 186
start proc frame 189
2 579 164 623 208
70 512 173 529 186
start proc frame 190
2 579 164 623 208
70 508 173 526 186
start proc frame 191
2 580 164 623 207
70 504 173 522 186
start proc frame 192
2 580 163 624 207
70 499 174 519 188
start proc frame 193
2 581 163 624 206
70 495 174 515 189
start proc frame 194
2 581 164 624 207
70 489 174 510 189
start proc frame 195
2 580 164 624 207
70 483 175 505 191
start proc frame 196
2 581 163 624 206
70 476 176 499 192
start proc frame 197
2 579 164 623 207
70 468 177 492 194
start proc frame 198
2 578 165 622 207
70 458 178 484 195
start proc frame 199
2 578 166 622 209
70 448 180 475 198
start proc frame 200
70 436 181 465 200
2 576 164 620 207
start proc frame 201
82 402 178 458 209
2 576 163 620 206
start proc frame 202
82 382 181 444 212
2 574 162 618 205
start proc frame 203
82 364 183 423 216
2 574 162 618 205
start proc frame 204
82 335 185 399 221
2 575 164 618 206
start proc frame 205
82 306 189 374 227
2 575 165 618 206
start proc frame 206
82 265 193 342 235
2 574 165 618 207
start proc frame 207
86 161 196 300 259
2 574 165 618 207
start proc frame 208
86 36 197 251 280
2 575 166 619 208
start proc frame 209
86 0 210 170 300
2 576 166 621 208
start proc frame 210
2 577 167 622 209
start proc frame 211
2 577 166 622 208
start proc frame 212
2 578 166 624 207
start proc frame 213
2 577 164 623 207
start proc frame 214
2 576 164 623 206
90 549 171 568 182
start proc frame 215
2 575 164 622 206
90 549 171 568 182
start proc frame 216
2 575 164 622 206
start proc frame 217
2 574 166 621 208
90 548 172 564 183
start proc frame 218
2 573 167 620 210
90 545 173 560 184
start proc frame 219
2 573 169 621 212
start proc frame 220
2 575 170 623 213
90 541 174 557 185
start proc frame 221
2 577 168 624 212
start proc frame 222
2 579 167 625 210
start proc frame 223
2 580 166 626 209
90 538 170 554 181
start proc frame 224
2 580 165 626 208
start proc frame 225
2 580 163 626 206
start proc frame 226
2 579 162 625 205
98 1 202 53 244
90 536 170 553 181
start proc frame 227
2 579 161 625 204
start proc frame 228
2 579 160 624 204
90 535 170 552 182
start proc frame 229
2 578 161 624 204
90 534 170 551 182
start proc frame 230
2 578 162 623 205
start proc frame 231
2 577 163 622 206
start proc frame 232
2 577 163 622 206
106 507 173 522 187
start proc frame 233
2 576 163 622 206
90 526 171 543 182
106 506 175 519 186
start proc frame 234
2 574 163 621 206
106 501 174 517 188
90 524 171 541 183
start proc frame 235
2 574 164 622 207
106 495 178 513 192
90 522 172 539 184
start proc frame 236
2 575 165 623 208
106 491 179 508 193
90 520 173 536 186
start proc frame 237
2 576 165 623 208
106 486 179 504 193
90 516 173 533 185
start proc frame 238
2 576 163 624 207
106 482 178 501 192
90 514 171 531 184
start proc frame 239
2 577 164 625 207
106 477 177 497 192
90 511 171 528 184
118 1051 275 1214 324
102 537 169 558 182
start proc frame 240
2 578 163 626 207
106 472 178 492 194
90 507 171 525 185
start proc frame 241
2 579 163 627 207
90 504 171 522 185
106 466 179 487 195
102 536 171 555 184
start proc frame 242
2 581 164 630 206
106 458 179 480 196
90 501 170 519 186
start proc frame 243
2 583 163 631 206
106 448 180 472 198
90 497 171 515 187
102 530 172 549 186
start proc frame 244
2 583 163 631 206
90 491 171 510 188
106 436 182 462 200
102 526 174 545 188
start proc frame 245
2 584 163 632 205
106 421 184 449 204
90 486 171 506 189
102 521 175 541 190
start proc frame 246
2 585 163 633 206
122 384 182 434 213
90 480 171 501 190
102 516 176 536 192
start proc frame 247
2 585 163 634 205
122 359 185 415 218
90 472 173 495 193
102 510 178 531 194
110 541 173 555 186
start proc frame 248
90 464 173 487 194
122 326 185 393 224
102 503 180 525 197
2 586 163 634 206
110 539 174 553 187
start proc frame 249
102 496 181 519 199
122 292 190 360 232
2 586 163 635 206
90 454 174 479 196
start proc frame 250
126 469 178 515 206
122 241 195 320 241
90 443 174 469 198
2 586 163 635 207
110 531 175 546 188
start proc frame 251
130 118 201 270 268
126 461 178 502 214
134 409 172 459 213
2 586 164 635 208
110 527 175 544 190
102 488 180 512 198
start proc frame 252
130 0 200 199 304
134 387 167 446 215
126 446 180 490 215
2 585 164 635 208
110 523 175 540 191
102 484 178 508 197
start proc frame 253
126 425 183 476 222
2 585 164 635 208
134 371 167 432 217
102 478 177 502 196
98 3 221 59 317
110 519 175 537 191
start proc frame 254
126 402 188 458 229
134 341 170 408 223
102 470 177 495 197
2 585 164 635 208
110 514 176 533 193
start proc frame 255
134 316 175 393 235
102 462 178 487 197
2 585 164 635 209
110 507 177 527 194
start proc frame 256
138 234 172 386 269
2 587 164 636 209
110 499 176 521 195
102 453 179 479 199
start proc frame 257
138 101 166 342 310
102 441 180 468 201
142 482 166 519 203
2 587 164 636 209
start proc frame 258
142 462 172 513 204
102 428 180 456 202
138 8 167 243 299
2 588 164 637 208
start proc frame 259
142 449 172 499 207
102 413 181 444 204
138 0 155 162 292
2 589 164 638 208
start proc frame 260
146 376 179 430 217
142 433 176 485 213
2 590 164 639 207
start proc frame 261
142 410 179 468 221
146 350 176 409 218
2 591 164 640 207
110 469 179 492 197
start proc frame 262
146 345 180 423 228
110 460 179 483 199
2 592 163 641 207
start proc frame 263
110 451 179 475 199
150 290 174 417 251
2 592 162 641 206
start proc frame 264
150 204 180 364 273
110 438 180 465 201
2 591 162 640 206
start proc frame 265
150 92 188 292 301
110 424 182 452 204
2 591 163 639 206
start proc frame 266
150 0 197 197 328
2 591 163 639 207
110 408 183 439 206
start proc frame 267
142 361 180 418 221
2 592 164 639 207
98 1 191 57 302
start proc frame 268
142 345 181 403 222
2 592 164 639 206
start proc frame 269
142 319 181 382 224
2 591 164 638 207
start proc frame 270
158 228 177 345 240
2 590 164 638 206