start proc frame 0
2 105 246 242 333
6 342 246 414 320
10 419 265 461 296
start proc frame 1
2 104 247 241 333
6 342 246 413 319
10 421 263 461 296
start proc frame 2
2 104 247 240 333
6 341 245 412 319
10 421 263 460 296
start proc frame 3
2 104 247 240 333
6 341 248 410 319
10 422 263 460 296
start proc frame 4
2 105 246 240 333
6 341 247 411 319
10 422 264 462 297
start proc frame 5
2 105 246 240 333
6 341 247 411 320
10 423 264 463 298
start proc frame 6
2 106 245 241 332
6 340 247 411 320
10 423 264 463 298
start proc frame 7
2 106 245 241 332
6 340 247 411 320
10 424 264 464 298
start proc frame 8
2 106 244 240 331
6 339 246 411 321
10 424 265 464 299
start proc frame 9
2 106 244 240 330
6 339 246 411 321
10 424 265 465 299
start proc frame 10
2 106 243 240 330
6 339 247 410 320
10 425 266 466 299
start proc frame 11
2 106 243 240 330
6 339 247 409 320
10 425 265 467 299
start proc frame 12
2 106 243 240 330
6 339 247 409 320
10 426 266 468 300
start proc frame 13
2 105 244 239 331
6 339 248 410 321
10 427 266 469 300
start proc frame 14
2 105 245 239 332
6 339 248 410 321
start proc frame 15
2 104 246 238 332
6 339 248 411 322
10 427 266 470 301
start proc frame 16
2 104 246 238 332
6 338 247 411 321
10 428 267 471 301
start proc frame 17
2 104 246 238 333
6 338 247 411 320
10 429 266 472 301
start proc frame 18
2 104 245 238 331
6 337 246 411 319
10 430 266 473 301
start proc frame 19
2 105 245 238 331
6 337 245 410 318
10 431 265 474 301
start proc frame 20
2 105 244 238 330
6 336 245 410 316
10 432 264 475 300
start proc frame 21
2 104 242 238 328
6 336 245 410 316
10 432 264 476 300
start proc frame 22
2 104 241 238 327
6 336 245 410 315
10 432 263 477 300
start proc frame 23
2 104 241 237 326
6 336 244 410 314
10 433 263 478 300
start proc frame 24
2 105 240 237 326
6 336 245 410 314
10 434 264 479 301
start proc frame 25
2 104 240 237 325
6 336 246 411 314
10 434 264 480 301
start proc frame 26
2 104 240 236 326
6 336 247 411 314
10 434 265 480 302
start proc frame 27
2 104 240 236 326
6 335 247 411 314
10 434 265 481 302
start proc frame 28
2 103 242 236 326
6 335 247 411 314
10 435 265 482 303
start proc frame 29
2 104 243 237 327
6 335 247 411 314
10 435 265 483 303
start proc frame 30
2 105 243 237 328
6 335 247 411 314
10 435 265 484 303
start proc frame 31
2 106 244 237 329
6 334 248 411 315
10 436 265 485 304
start proc frame 32
2 106 245 237 330
6 334 247 411 315
10 437 266 487 304
start proc frame 33
2 106 245 237 330
6 334 248 411 316
10 438 266 488 305
start proc frame 34
2 105 245 236 330
6 334 248 411 317
10 438 266 489 305
start proc frame 35
2 105 244 235 329
6 334 248 411 317
10 439 266 491 305
start proc frame 36
2 105 244 235 328
6 334 248 411 317
10 439 266 492 305
start proc frame 37
2 105 243 235 328
6 334 247 411 316
10 439 267 493 306
start proc frame 38
2 105 242 235 327
6 335 246 411 315
10 440 267 495 306
start proc frame 39
2 105 241 235 326
6 335 246 411 314
10 440 266 496 305
start proc frame 40
2 104 241 234 326
6 335 246 412 314
10 440 266 497 305
start proc frame 41
2 103 240 234 325
6 335 247 412 314
10 442 266 498 305
start proc frame 42
2 104 240 234 325
6 335 247 412 314
10 443 266 500 306
start proc frame 43
2 104 240 234 325
6 335 247 412 313
10 445 266 503 306
start proc frame 44
2 105 240 234 325
6 336 246 413 313
10 446 265 505 307
start proc frame 45
2 105 240 234 325
6 336 246 413 313
10 446 265 505 307
start proc frame 46
2 106 240 234 324
6 336 247 412 313
10 446 264 505 306
start proc frame 47
2 106 240 233 324
6 337 247 412 313
10 447 264 506 306
start proc frame 48
2 106 240 233 324
6 337 248 413 313
10 448 264 508 306
start proc frame 49
2 106 240 233 324
6 337 248 412 313
10 449 265 510 307
start proc frame 50
2 106 240 233 324
6 337 247 412 313
10 450 265 512 309
start proc frame 51
2 106 240 232 324
6 338 247 412 313
10 453 266 514 310
start proc frame 52
2 106 241 231 324
6 338 248 412 313
10 454 266 515 311
start proc frame 53
2 105 240 231 323
6 339 248 413 313
10 455 266 516 311
start proc frame 54
2 106 241 231 324
6 340 247 413 312
10 455 267 517 312
start proc frame 55
2 106 241 231 324
6 341 248 414 313
10 455 267 518 313
start proc frame 56
2 107 241 232 324
6 342 248 415 313
10 456 267 521 314
start proc frame 57
2 107 241 231 325
6 342 248 416 314
10 459 267 524 315
start proc frame 58
2 106 241 231 325
6 343 248 417 314
10 461 267 527 316
start proc frame 59
2 105 241 231 324
6 343 248 417 315
10 463 268 529 316
start proc frame 60
2 105 241 231 324
6 344 247 417 314
10 464 268 531 317
start proc frame 61
2 105 241 231 324
6 345 247 418 314
10 465 268 533 317
start proc frame 62
2 104 241 230 324
6 345 247 419 314
10 466 267 535 317
start proc frame 63
2 104 242 230 324
6 346 247 420 314
10 467 268 537 318
start proc frame 64
2 104 241 230 324
6 348 246 421 314
10 468 267 539 318
start proc frame 65
2 104 242 230 324
6 349 246 422 315
10 470 268 542 319
start proc frame 66
2 105 242 230 324
6 350 246 423 315
10 472 268 545 320
start proc frame 67
2 105 242 231 324
6 351 246 424 316
10 474 268 548 321
start proc frame 68
2 106 242 230 324
6 352 246 425 316
10 475 268 551 322
start proc frame 69
2 106 242 230 323
6 353 247 426 316
10 477 269 553 324
start proc frame 70
2 106 242 230 323
6 354 247 428 316
10 479 269 556 325
start proc frame 71
2 106 241 230 323
6 355 247 429 315
10 480 269 559 326
start proc frame 72
2 106 242 230 323
6 357 246 430 315
10 481 269 562 327
start proc frame 73
2 106 241 230 322
6 358 245 432 315
10 484 267 566 326
start proc frame 74
2 106 241 230 322
6 359 245 432 315
10 486 267 569 326
start proc frame 75
2 105 241 230 322
6 360 245 433 315
10 488 267 572 328
start proc frame 76
2 105 241 229 321
6 360 245 434 316
10 490 267 576 329
start proc frame 77
2 106 241 230 321
6 361 246 436 316
10 492 267 579 329
start proc frame 78
2 106 242 230 322
6 363 246 438 317
10 494 267 583 329
start proc frame 79
2 106 242 230 322
6 365 248 440 319
10 497 266 587 329
start proc frame 80
2 106 242 230 323
6 367 248 442 320
10 498 266 591 330
14 362 236 404 282
start proc frame 81
2 105 243 230 323
6 368 248 443 320
10 501 265 595 330
14 362 236 404 283
start proc frame 82
2 105 242 230 324
6 368 248 444 321
10 503 265 599 330
14 362 237 405 284
start proc frame 83
2 104 242 229 323
6 370 250 446 321
10 507 266 605 332
14 361 237 404 284
start proc frame 84
2 104 242 230 323
6 371 250 447 322
10 511 266 611 334
14 361 237 403 285
start proc frame 85
2 104 242 230 323
6 372 251 448 323
10 512 267 615 335
14 361 237 404 285
start proc frame 86
2 104 243 230 324
6 374 252 449 322
10 512 266 618 336
14 361 237 404 285
start proc frame 87
2 105 243 230 323
6 375 252 451 322
10 515 267 623 338
14 362 237 404 286
start proc frame 88
2 105 243 231 324
6 377 253 452 322
10 517 268 628 341
14 362 237 405 287
start proc frame 89
2 105 244 231 324
6 378 253 454 322
14 362 237 405 287
10 521 267 636 342
start proc frame 90
2 104 243 230 323
6 380 253 456 321
14 363 237 406 287
10 523 266 641 343
start proc frame 91
2 104 243 230 323
6 383 253 459 322
14 363 237 407 287
10 527 265 649 345
start proc frame 92
2 104 242 230 322
6 384 253 460 321
14 364 237 408 288
10 531 265 656 346
start proc frame 93
2 104 242 230 321
6 386 252 461 320
14 364 237 408 287
10 535 264 664 348
start proc frame 94
2 103 242 229 322
6 388 252 463 320
14 364 237 408 288
10 537 264 671 349
start proc frame 95
2 103 242 228 321
6 389 252 465 321
14 365 238 409 288
10 540 263 677 351
start proc frame 96
2 101 243 227 321
6 391 253 467 321
10 540 262 681 352
14 365 237 409 288
start proc frame 97
2 101 243 226 321
6 394 252 469 321
14 365 237 409 287
10 544 263 688 355
start proc frame 98
6 395 251 470 321
2 101 243 227 321
10 548 263 697 357
14 365 236 409 287
start proc frame 99
2 102 243 227 321
6 397 251 472 320
14 365 236 409 286
10 552 263 705 360
start proc frame 100
2 102 242 228 320
6 398 251 473 321
10 558 263 715 362
14 365 236 409 286
start proc frame 101
2 102 243 228 320
6 400 251 475 321
10 565 264 727 365
14 364 236 409 286
start proc frame 102
6 402 251 477 321
2 102 242 228 320
10 572 262 739 367
14 364 236 408 286
start proc frame 103
6 403 251 478 321
2 101 242 228 320
10 579 263 752 371
14 364 236 408 286
start proc frame 104
6 405 251 480 321
2 101 243 227 320
14 364 236 407 286
10 586 262 763 374
start proc frame 105
6 406 251 481 322
2 100 243 227 320
14 365 236 408 286
10 588 261 770 377
start proc frame 106
2 100 243 226 321
6 407 252 483 323
14 365 236 408 285
10 587 261 774 381
start proc frame 107
2 100 243 226 321
6 409 253 485 322
14 365 236 407 285
10 587 261 777 384
start proc frame 108
2 99 243 226 321
6 411 253 486 323
14 365 236 407 286
10 587 261 779 387
start proc frame 109
2 99 243 225 321
6 413 254 488 322
14 365 237 407 286
10 586 264 782 392
start proc frame 110
2 98 243 225 321
6 414 253 489 322
14 365 238 407 287
10 586 265 783 396
start proc frame 111
2 97 243 224 322
6 415 253 490 321
14 364 238 406 287
10 587 267 786 400
start proc frame 112
2 96 243 223 322
6 416 253 491 321
14 364 239 406 287
10 589 270 789 406
start proc frame 113
2 97 243 223 322
6 417 253 492 321
14 364 239 406 288
10 592 270 793 409
start proc frame 114
2 97 242 223 322
6 420 253 494 320
14 364 239 406 288
10 594 271 796 413
start proc frame 115
2 96 242 222 321
6 421 253 495 320
14 364 240 405 288
10 596 270 799 415
start proc frame 116
2 96 243 221 322
6 423 254 496 321
14 364 240 405 288
10 601 271 800 418
start proc frame 117
2 96 243 220 321
6 423 254 497 320
14 364 240 405 287
10 603 271 801 420
start proc frame 118
2 95 242 219 321
6 424 253 497 320
14 364 239 405 287
10 610 269 801 421
start proc frame 119
2 95 242 219 320
6 425 253 498 320
14 363 239 404 286
10 614 266 801 421
start proc frame 120
2 94 241 218 320
6 425 253 499 320
14 363 238 404 285
10 620 265 801 421
start proc frame 121
2 93 241 218 320
6 426 253 501 320
10 627 264 801 420
14 363 238 404 286
start proc frame 122
2 92 241 217 319
6 427 253 502 320
14 362 237 403 286
10 635 265 801 421
start proc frame 123
2 92 240 217 319
6 428 253 503 321
10 642 271 801 425
14 361 236 402 286
start proc frame 124
2 91 241 216 320
6 428 253 504 320
10 651 280 801 432
14 360 237 401 286
start proc frame 125
2 90 241 215 320
6 429 253 504 321
14 359 236 400 285
10 660 290 801 438
start proc frame 126
2 88 241 214 321
6 430 252 505 321
14 358 236 399 285
10 672 300 801 444
start proc frame 127
2 88 242 213 320
6 431 252 505 320
14 358 237 398 286
10 684 310 801 449
start proc frame 128
2 86 242 212 320
6 431 252 505 320
14 358 238 398 287
start proc frame 129
2 86 242 212 320
6 431 252 505 320
14 357 238 397 287
start proc frame 130
2 85 242 211 320
6 431 252 504 319
14 357 238 396 287
start proc frame 131
2 84 241 209 319
6 432 252 504 319
14 356 239 396 287
start proc frame 132
2 83 241 208 319
6 432 252 504 319
14 356 239 395 287
start proc frame 133
2 82 242 207 320
6 433 253 504 319
14 355 239 395 287
start proc frame 134
2 81 243 206 320
6 433 253 504 319
14 355 239 394 287
start proc frame 135
2 80 244 205 321
6 433 254 504 319
14 354 240 394 287
start proc frame 136
2 78 244 204 321
6 433 255 504 320
14 354 241 393 288
start proc frame 137
6 434 255 504 319
2 78 243 203 320
14 353 241 392 288
start proc frame 138
6 434 255 504 318
2 77 243 202 319
14 352 241 391 288
start proc frame 139
6 434 255 504 318
2 76 243 201 319
14 351 241 390 288
start proc frame 140
6 434 256 503 318
2 74 243 200 319
14 350 241 389 288
start proc frame 141
2 73 243 199 319
6 434 256 503 318
14 349 240 388 287
start proc frame 142
2 71 243 197 318
6 433 256 503 318
14 348 240 387 287
start proc frame 143
2 70 242 195 318
6 433 256 502 319
14 347 240 387 287
start proc frame 144
2 68 242 193 318
6 432 256 502 319
14 346 240 386 287
start proc frame 145
2 66 241 192 318
6 432 256 501 319
14 346 239 385 286
start proc frame 146
2 64 241 190 318
6 431 255 501 319
14 344 240 384 286
start proc frame 147
2 63 241 189 318
6 429 255 499 320
14 343 239 383 286
start proc frame 148
2 61 240 187 317
6 427 255 498 320
14 342 238 382 285
start proc frame 149
2 59 240 185 318
6 425 255 496 320
14 340 238 380 285
start proc frame 150
2 57 240 183 318
6 424 255 495 320
14 339 238 378 285
start proc frame 151
2 55 240 181 318
6 423 255 495 320
14 337 238 377 285
start proc frame 152
2 53 240 179 318
6 422 254 493 320
14 336 238 374 285
start proc frame 153
2 52 241 178 319
6 421 255 493 320
14 334 238 373 285
start proc frame 154
2 50 241 175 319
6 420 254 492 319
14 333 239 372 286
start proc frame 155
2 47 242 173 320
6 418 255 491 319
14 332 239 371 286
start proc frame 156
2 44 242 171 319
6 416 256 489 319
14 331 240 370 287
start proc frame 157
2 43 242 170 319
6 415 256 488 319
14 329 240 369 287
start proc frame 158
2 41 242 168 320
6 414 256 487 319
14 328 240 368 287
start proc frame 159
2 38 242 166 320
6 412 255 486 318
14 327 240 367 288
start proc frame 160
2 35 242 164 320
6 411 256 485 318
14 326 241 365 288
start proc frame 161
2 34 242 164 320
6 409 256 483 319
14 324 240 364 288
start proc frame 162
2 32 242 162 320
6 407 257 482 320
14 323 241 362 288
start proc frame 163
2 29 242 160 320
6 406 257 481 320
14 322 240 361 288
start proc frame 164
2 26 242 158 320
6 405 257 480 320
14 320 240 359 288
start proc frame 165
6 404 257 479 319
2 23 243 155 320
14 319 241 358 288
start proc frame 166
2 23 243 156 321
6 402 257 477 319
14 317 241 357 288
start proc frame 167
2 22 243 155 321
6 400 256 476 319
14 316 241 356 288
start proc frame 168
2 19 242 152 320
6 399 256 474 319
14 314 240 354 288
start proc frame 169
2 16 242 150 320
6 397 256 473 319
14 313 241 353 288
start proc frame 170
2 16 240 150 319
6 396 255 472 319
14 312 240 351 287
start proc frame 171
2 14 240 149 319
6 394 255 470 319
14 310 239 350 286
start proc frame 172
6 393 255 468 318
2 11 240 147 319
14 309 239 350 286
start proc frame 173
2 8 240 144 319
6 391 255 467 318
14 308 240 348 287
start proc frame 174
2 5 241 142 319
6 389 255 465 319
14 307 240 347 287
start proc frame 175
2 2 241 139 320
6 388 256 464 319
14 305 241 346 287
start proc frame 176
2 3 241 140 320
6 386 255 462 319
14 304 240 344 287
start proc frame 177
2 3 240 139 319
6 384 255 461 319
14 302 240 343 287
start proc frame 178
2 3 240 138 319
6 383 254 459 318
14 301 239 341 286
start proc frame 179
2 3 239 137 318
6 382 254 458 318
14 299 239 340 286
start proc frame 180
2 2 239 135 318
6 380 254 457 319
14 299 239 340 286
start proc frame 181
2 1 239 134 318
6 379 254 455 319
14 298 239 338 286
start proc frame 182
2 0 239 132 318
6 378 254 454 319
14 296 239 337 286
start proc frame 183
2 0 239 130 318
6 376 254 452 319
14 295 239 335 286
start proc frame 184
2 0 239 128 318
6 374 254 451 319
14 294 240 334 286
start proc frame 185
6 373 254 449 319
2 0 239 128 318
14 292 240 332 286
start proc frame 186
2 0 239 127 318
6 371 254 448 319
14 291 240 331 286
start proc frame 187
2 0 239 125 318
6 369 254 446 319
14 290 239 330 286
start proc frame 188
2 0 239 123 317
6 368 254 445 319
14 289 239 329 286
start proc frame 189
2 0 240 122 318
6 367 254 444 319
14 289 239 328 286
start proc frame 190
2 0 240 121 318
6 365 253 442 319
14 288 240 327 286
start proc frame 191
2 0 240 120 318
6 364 253 441 318
14 286 240 325 286
start proc frame 192
2 0 240 119 318
6 363 253 440 318
14 286 240 325 286
start proc frame 193
2 0 240 118 318
6 362 253 438 319
14 285 240 323 286
start proc frame 194
2 0 239 117 317
6 360 253 437 319
14 284 240 323 286
start proc frame 195
2 0 239 116 317
6 359 253 436 319
14 283 240 322 286
start proc frame 196
2 0 238 115 316
6 359 253 435 320
14 282 240 321 286
start proc frame 197
6 358 253 434 319
2 0 239 114 316
14 281 240 321 285
start proc frame 198
6 356 253 432 319
2 0 239 113 316
14 281 240 320 286
start proc frame 199
6 356 253 432 319
2 0 240 113 316
14 280 241 320 286
start proc frame 200
6 355 253 431 319
2 0 240 112 317
14 280 240 319 286
start proc frame 201
6 353 254 429 320
2 0 240 111 317
14 279 241 318 286
start proc frame 202
2 0 240 110 317
6 352 254 428 321
14 278 241 317 286
start proc frame 203
6 351 254 427 321
2 0 240 109 317
14 277 241 316 286
start proc frame 204
6 351 254 427 321
2 0 241 107 317
14 277 240 316 285
start proc frame 205
6 350 254 426 320
2 0 241 106 317
14 277 240 316 285
start proc frame 206
2 0 240 104 317
6 349 253 425 320
14 277 239 316 285
start proc frame 207
6 349 253 424 319
2 0 240 104 317
14 276 239 316 285
start proc frame 208
2 0 240 103 316
6 348 252 423 319
14 275 239 314 285
start proc frame 209
6 347 253 422 319
2 0 240 102 316
14 275 239 314 285
start proc frame 210
6 347 252 421 319
2 0 239 101 316
14 274 239 313 285
start proc frame 211
2 0 239 100 316
6 346 253 421 319
14 274 239 313 285
start proc frame 212
2 0 240 99 316
6 346 253 421 319
14 273 239 313 285
start proc frame 213
2 0 240 99 316
6 345 253 420 319
14 273 238 313 285
start proc frame 214
2 0 240 98 317
6 345 253 419 320
14 273 237 313 284
start proc frame 215
2 0 240 97 317
6 344 253 418 320
14 272 237 313 284
start proc frame 216
2 0 240 96 317
6 343 253 418 321
14 272 236 313 283
start proc frame 217
2 0 239 96 316
6 343 253 418 321
14 272 236 312 283
start proc frame 218
6 342 253 417 321
2 0 239 94 316
14 272 236 312 283
start proc frame 219
2 0 239 94 316
6 341 252 416 321
14 272 237 312 283
start proc frame 220
2 0 239 93 315
6 340 252 415 321
14 271 237 312 283
start proc frame 221
2 0 238 92 315
6 340 251 415 321
14 271 236 312 283
start proc frame 222
2 0 238 91 314
6 340 250 414 320
14 271 236 312 282
start proc frame 223
2 0 238 91 314
6 340 249 414 319
14 271 235 312 282
start proc frame 224
2 0 238 91 315
6 340 248 414 319
14 272 235 312 282
start proc frame 225
2 0 238 90 315
6 340 248 414 318
14 272 235 312 282
start proc frame 226
2 0 238 89 315
6 339 247 413 318
14 272 236 312 282
start proc frame 227
6 340 247 413 318
2 0 239 88 315
14 272 236 312 282
start proc frame 228
6 340 247 413 317
2 0 239 88 315
14 272 236 312 283
start proc frame 229
6 340 247 413 317
2 0 239 88 315
14 272 237 312 283
start proc frame 230
6 340 248 413 318
2 0 239 88 316
14 272 238 312 284
start proc frame 231
2 0 239 88 316
6 341 249 413 319
14 272 239 311 284
start proc frame 232
2 0 239 87 316
6 341 250 414 320
14 272 239 312 285
start proc frame 233
2 0 239 87 316
6 342 250 415 321
14 273 239 313 285
start proc frame 234
2 0 240 86 316
6 342 251 415 322
14 273 239 313 285
start proc frame 235
2 0 240 86 316
6 343 251 416 322
14 273 239 313 285
start proc frame 236
2 0 240 85 315
6 343 251 417 321
14 273 239 313 285
start proc frame 237
2 0 240 85 315
6 344 250 418 321
14 274 239 314 285
start proc frame 238
2 0 240 85 315
6 345 250 419 322
14 274 239 314 285
start proc frame 239
2 0 240 85 315
6 346 249 420 321
14 275 238 315 284
start proc frame 240
2 0 239 85 314
6 346 249 421 321
14 276 237 316 284
start proc frame 241
2 0 240 85 314
6 348 248 422 320
14 276 237 316 284
start proc frame 242
2 0 240 85 314
6 349 247 423 320
14 276 238 316 284
start proc frame 243
2 0 240 85 314
6 349 247 424 319
14 277 238 316 284
start proc frame 244
2 0 240 85 314
6 351 246 425 319
14 277 238 316 284
start proc frame 245
2 0 240 85 314
6 351 247 426 320
14 277 238 316 284
start proc frame 246
2 0 240 84 314
6 353 247 427 320
14 277 238 316 283
start proc frame 247
2 0 241 84 314
6 354 248 429 321
14 277 238 316 283
start proc frame 248
2 0 240 83 314
6 355 247 431 321
14 278 238 317 283
start proc frame 249
2 0 240 83 314
6 357 247 432 321
14 278 237 317 282
start proc frame 250
2 0 240 83 313
6 358 247 433 320
14 278 237 317 282
start proc frame 251
2 0 239 83 313
6 359 246 435 320
14 279 236 318 281
start proc frame 252
2 0 239 83 313
6 360 246 437 319
14 279 236 318 281
start proc frame 253
2 0 239 83 313
6 361 246 438 319
14 279 236 318 281
start proc frame 254
2 0 239 83 312
6 363 246 440 318
14 280 236 319 281
start proc frame 255
2 0 239 82 312
6 364 245 442 318
14 281 236 319 281
start proc frame 256
2 0 239 82 312
6 365 245 444 318
14 281 236 320 281
start proc frame 257
6 366 246 446 318
2 0 239 81 312
14 281 235 321 281
start proc frame 258
6 368 246 448 318
2 0 239 81 312
14 281 235 321 280
start proc frame 259
6 369 246 450 318
2 0 239 80 312
14 281 235 321 280
start proc frame 260
2 0 238 79 312
6 371 246 453 318
14 281 235 320 280
start proc frame 261
2 0 238 79 313
6 373 246 455 318
14 280 235 320 281
start proc frame 262
2 0 238 78 313
6 374 246 457 319
14 281 235 320 281
start proc frame 263
2 0 237 78 313
6 377 246 460 319
14 281 235 320 281
start proc frame 264
2 0 237 77 314
6 379 246 463 319
14 281 236 321 281
start proc frame 265
2 0 238 77 314
6 381 246 467 319
14 282 236 321 281
start proc frame 266
6 383 246 469 320
2 0 238 76 315
14 283 236 322 281
start proc frame 267
6 386 247 472 321
2 0 238 76 315
14 283 236 322 281
start proc frame 268
2 0 238 75 315
6 388 247 475 321
14 284 237 323 281
start proc frame 269
6 391 247 479 321
2 0 238 75 315
14 284 237 323 281
start proc frame 270
6 393 248 482 322
2 0 238 75 315
14 284 237 323 281
start proc frame 271
6 396 248 485 322
2 0 238 74 314
14 284 237 323 281
start proc frame 272
2 0 237 74 314
6 399 247 488 322
14 284 237 324 281
start proc frame 273
2 0 237 73 314
6 401 248 492 322
14 284 237 324 281
start proc frame 274
6 404 247 495 321
2 0 237 72 313
14 284 237 324 281
start proc frame 275
2 0 237 71 313
6 406 247 498 321
14 284 236 323 281
start proc frame 276
2 0 237 70 313
6 409 247 501 321
14 284 236 323 280
start proc frame 277
6 412 247 504 321
2 0 237 69 312
14 285 236 323 280
start proc frame 278
6 414 247 508 321
2 0 237 68 312
14 285 235 323 280
start proc frame 279
6 417 247 511 321
2 0 238 66 312
14 285 235 323 280
start proc frame 280
6 420 247 514 321
2 0 238 65 312
14 286 235 323 279
start proc frame 281
6 422 247 517 321
2 0 238 63 312
14 286 235 324 279
start proc frame 282
6 425 248 521 321
2 0 237 62 311
14 286 235 324 279
start proc frame 283
6 429 247 525 321
2 0 237 63 310
14 286 235 324 280
start proc frame 284
6 432 248 529 322
2 0 237 63 310
14 285 235 323 280
start proc frame 285
6 435 248 533 322
2 0 237 62 310
14 285 236 323 281
start proc frame 286
6 439 249 538 322
2 0 237 61 310
14 285 236 323 281
start proc frame 287
6 443 250 543 322
2 0 238 60 309
14 286 237 323 281
start proc frame 288
6 448 250 548 323
14 285 237 323 282
2 0 237 58 308
start proc frame 289
6 451 251 552 323
14 285 238 324 282
2 0 238 56 309
start proc frame 290
6 455 251 556 324
14 286 238 324 281
2 0 240 53 311
start proc frame 291
6 459 252 560 324
14 286 238 325 281
2 0 243 50 312
start proc frame 292
6 463 252 565 325
14 286 238 325 281
start proc frame 293
6 467 253 569 325
14 286 238 325 281
start proc frame 294
6 471 253 573 326
14 286 239 325 281
start proc frame 295
6 475 253 578 326
14 286 239 326 281
start proc frame 296
6 479 253 583 327
14 286 238 325 280
start proc frame 297
6 483 254 588 327
14 286 238 325 280
start proc frame 298
6 488 254 593 327
14 286 238 325 280
start proc frame 299
6 492 254 597 328
14 285 239 324 281
start proc frame 300
6 496 254 602 328
14 285 239 325 281
start proc frame 301
6 500 255 607 328
14 286 240 325 282
start proc frame 302
6 504 255 612 329
14 286 241 325 283
start proc frame 303
6 509 256 617 329
14 285 241 324 283
18 0 263 23 347
start proc frame 304
6 514 256 622 330
14 285 241 324 284
18 0 262 26 345
start proc frame 305
6 519 257 627 331
18 1 260 30 345
14 285 242 323 285
start proc frame 306
6 524 257 633 331
18 1 258 31 344
14 284 243 323 286
start proc frame 307
6 529 258 639 332
18 3 256 34 343
14 284 243 322 286
start proc frame 308
6 535 259 646 332
14 282 243 320 286
18 3 253 37 342
start proc frame 309
6 540 260 652 333
18 4 251 40 341
14 281 243 319 287
start proc frame 310
6 545 260 657 334
18 5 249 43 340
14 280 243 318 287
start proc frame 311
6 550 261 663 335
18 5 248 46 340
14 280 244 318 287
start proc frame 312
6 555 261 669 335
18 4 247 48 340
14 280 244 317 288
start proc frame 313
6 560 262 675 336
18 4 248 51 339
14 279 244 316 288
start proc frame 314
6 567 262 682 336
18 3 246 53 339
14 278 245 315 289
start proc frame 315
6 572 262 688 337
18 2 245 53 339
14 278 246 315 289
start proc frame 316
6 577 263 694 338
18 2 243 55 339
14 278 246 315 290
start proc frame 317
6 582 263 699 338
18 3 241 58 340
14 278 247 315 290
start proc frame 318
6 586 263 705 338
18 3 240 60 339
14 277 247 314 291
start proc frame 319
6 592 263 711 338
18 4 240 63 340
14 277 247 314 291
start proc frame 320
6 596 264 716 339
18 5 239 65 340
14 276 247 313 290
start proc frame 321
6 602 264 723 339
18 5 238 67 340
14 275 247 312 290
start proc frame 322
6 608 263 730 338
18 5 235 68 338
14 273 246 310 290
start proc frame 323
6 613 264 735 339
18 5 233 70 337
14 272 246 308 288
start proc frame 324
6 619 264 741 339
18 5 230 71 335
14 271 245 307 288
start proc frame 325
6 624 263 747 338
18 5 229 71 334
14 270 245 306 287
start proc frame 326
6 631 263 755 338
18 5 227 72 333
start proc frame 327
6 637 262 761 337
18 5 227 73 333
start proc frame 328
6 642 262 767 337
18 4 226 73 333
start proc frame 329
6 649 262 774 337
18 4 226 74 333
start proc frame 330
6 654 263 780 337
18 3 226 74 332
start proc frame 331
6 660 262 785 337
18 2 227 74 332
start proc frame 332
6 664 262 789 337
18 1 227 73 332
start proc frame 333
6 667 262 792 337
18 0 227 72 332
start proc frame 334
6 670 262 794 337
18 0 227 72 331
start proc frame 335
6 673 262 796 337
18 0 227 72 331
start proc frame 336
6 677 262 798 338
18 0 227 72 330
start proc frame 337
6 681 262 801 337
18 0 227 71 329
start proc frame 338
6 684 262 801 337
18 0 227 70 328
start proc frame 339
6 687 261 801 337
18 0 228 68 328
start proc frame 340
6 690 261 801 336
18 0 228 66 327
start proc frame 341
6 694 261 801 336
18 0 228 64 326
start proc frame 342
6 698 262 801 337
18 0 228 61 325
start proc frame 343
6 702 262 801 337
18 0 228 60 325
start proc frame 344
6 705 262 801 337
18 0 229 59 324
start proc frame 345
6 709 263 801 338
18 0 228 58 323
start proc frame 346
6 714 263 801 338
18 0 229 57 322
start proc frame 347
6 719 264 801 339
18 0 229 56 320
start proc frame 348
6 722 265 801 340
18 0 229 54 319
start proc frame 349
6 726 265 801 340
18 0 230 52 319
start proc frame 350
6 731 266 801 341
18 0 232 49 320
start proc frame 351
6 736 266 801 341
18 0 235 45 320
start proc frame 352
6 740 266 801 340
18 0 237 43 320
start proc frame 353
6 744 264 801 338
18 0 238 40 320
start proc frame 354
6 749 264 801 338
18 0 240 37 319
start proc frame 355
6 752 265 801 339
18 0 240 34 318
start proc frame 356
start proc frame 357
start proc frame 358
start proc frame 359
start proc frame 360
start proc frame 361
start proc frame 362
start proc frame 363
start proc frame 364
start proc frame 365
start proc frame 366
start proc frame 367
start proc frame 368
start proc frame 369
start proc frame 370
start proc frame 371
start proc frame 372
start proc frame 373
start proc frame 374
start proc frame 375
start proc frame 376
start proc frame 377
start proc frame 378
start proc frame 379
start proc frame 380
start proc frame 381
start proc frame 382
start proc frame 383
start proc frame 384
start proc frame 385
start proc frame 386
start proc frame 387
start proc frame 388
start proc frame 389
start proc frame 390
start proc frame 391
start proc frame 392
start proc frame 393
start proc frame 394
start proc frame 395
start proc frame 396
start proc frame 397
start proc frame 398
start proc frame 399
start proc frame 400
start proc frame 401
start proc frame 402
start proc frame 403
start proc frame 404
start proc frame 405
start proc frame 406
start proc frame 407
start proc frame 408
start proc frame 409
start proc frame 410
start proc frame 411
start proc frame 412
start proc frame 413
start proc frame 414
start proc frame 415
start proc frame 416
start proc frame 417
start proc frame 418
start proc frame 419
start proc frame 420
start proc frame 421
start proc frame 422
22 768 274 801 333
start proc frame 423
22 768 277 800 332
start proc frame 424
22 764 277 798 331
start proc frame 425
22 762 277 794 332
start proc frame 426
22 759 277 792 333
start proc frame 427
22 757 277 793 332
start proc frame 428
22 754 277 792 333
start proc frame 429
22 750 277 790 332
start proc frame 430
22 746 276 790 332
start proc frame 431
22 744 276 789 332
start proc frame 432
22 740 276 787 332
start proc frame 433
22 737 276 785 332
start proc frame 434
22 733 276 784 333
start proc frame 435
22 728 276 780 333
start proc frame 436
22 725 275 778 332
start proc frame 437
22 718 275 772 332
start proc frame 438
22 713 275 769 332
start proc frame 439
22 707 275 763 331
start proc frame 440
22 703 275 761 331
start proc frame 441
22 697 276 755 331
start proc frame 442
22 693 276 752 331
start proc frame 443
22 687 275 746 331
start proc frame 444
22 684 276 743 331
start proc frame 445
22 679 276 738 330
start proc frame 446
22 676 276 735 329
start proc frame 447
22 670 276 729 329
start proc frame 448
22 666 276 726 328
start proc frame 449
22 661 275 720 328
start proc frame 450
22 657 275 717 327
26 729 288 767 304
30 767 280 799 315
start proc frame 451
22 653 276 712 327
30 763 276 798 317
start proc frame 452
22 648 276 707 327
30 757 275 792 316
start proc frame 453
22 643 276 702 326
30 751 274 788 316
start proc frame 454
22 639 276 698 326
30 744 274 782 315
start proc frame 455
22 634 275 693 325
30 737 272 775 314
start proc frame 456
22 630 275 688 325
30 731 272 768 312
start proc frame 457
22 625 275 683 324
30 725 272 762 313
start proc frame 458
22 621 274 678 323
30 719 271 757 312
start proc frame 459
22 616 275 672 323
start proc frame 460
22 612 275 667 323
30 707 272 744 312
start proc frame 461
22 608 274 662 322
30 701 272 737 312
start proc frame 462
22 603 274 658 322
start proc frame 463
22 599 274 653 321
30 689 272 725 311
start proc frame 464
22 595 274 648 320
30 682 272 718 310
start proc frame 465
22 591 274 643 320
30 677 272 713 310
start proc frame 466
22 586 273 639 319
30 672 271 708 309
start proc frame 467
22 582 273 634 319
30 666 271 702 308
start proc frame 468
22 577 272 628 318
30 661 271 696 308
start proc frame 469
22 572 271 623 317
30 655 270 690 307
start proc frame 470
22 567 271 619 316
30 650 269 685 306
start proc frame 471
22 563 270 614 315
30 644 268 679 305
start proc frame 472
22 559 270 609 314
30 640 267 675 304
start proc frame 473
22 555 270 605 315
30 635 267 670 304
start proc frame 474
22 551 270 600 314
30 630 267 665 304
start proc frame 475
22 547 270 596 314
30 625 267 660 304
start proc frame 476
22 543 270 592 314
30 620 266 655 303
start proc frame 477
22 539 270 587 314
30 615 266 650 303
start proc frame 478
22 534 270 583 314
30 611 265 645 303
38 599 281 613 292
start proc frame 479
22 530 270 578 314
30 606 265 641 303
start proc frame 480
22 527 271 574 314
30 601 265 636 303
38 589 281 603 291
start proc frame 481
22 523 271 571 314
30 597 265 632 303
start proc frame 482
22 519 271 566 313
30 593 265 628 303
38 580 281 593 291
start proc frame 483
22 516 271 562 313
30 590 265 625 304
start proc frame 484
22 512 271 559 313
30 585 264 620 303
38 571 280 584 290
start proc frame 485
22 509 271 555 313
30 581 264 617 303
start proc frame 486
22 505 270 552 312
30 576 264 612 302
38 563 279 576 290
start proc frame 487
22 502 269 549 311
30 573 264 610 302
start proc frame 488
22 500 269 546 310
30 570 264 606 302
start proc frame 489
22 498 268 544 310
30 567 263 603 301
38 550 276 565 287
start proc frame 490
22 495 267 541 309
30 564 262 600 301
38 545 276 560 287
start proc frame 491
22 493 267 538 308
30 561 262 598 300
38 542 276 557 287
start proc frame 492
22 490 267 535 307
30 558 261 595 300
38 540 275 554 286
start proc frame 493
22 487 266 532 307
30 556 260 592 298
start proc frame 494
22 485 265 530 306
30 553 260 590 298
38 535 274 550 285
start proc frame 495
22 482 265 527 305
30 550 260 587 298
start proc frame 496
22 479 266 524 306
30 547 260 585 298
start proc frame 497
22 477 266 522 306
30 545 260 582 299
38 525 274 540 285
start proc frame 498
22 474 267 519 306
30 542 260 580 298
start proc frame 499
22 472 266 517 306
30 540 259 577 298
start proc frame 500
22 470 266 515 306
30 538 259 575 298
38 517 274 532 284
start proc frame 501
22 468 266 513 305
30 535 259 573 298
38 514 274 530 284
start proc frame 502
22 465 266 510 305
30 533 259 571 298
38 511 273 527 284
start proc frame 503
22 463 267 508 306
30 530 259 569 298
start proc frame 504
22 461 267 506 306
30 528 258 567 298
38 505 274 522 285
start proc frame 505
22 459 267 504 305
30 526 259 565 298
start proc frame 506
22 456 267 501 305
30 524 259 563 298
38 500 274 517 285
start proc frame 507
22 454 266 499 304
30 521 258 560 298
38 497 273 514 284
start proc frame 508
22 452 265 497 303
30 519 258 558 297
38 494 273 511 284
start proc frame 509
22 450 265 495 302
30 516 257 556 297
38 491 272 508 284
start proc frame 510
22 448 265 492 302
30 515 257 554 296
38 489 272 507 283
start proc frame 511
22 445 264 490 301
30 513 256 552 296
38 487 270 505 282
start proc frame 512
22 444 264 488 300
30 511 256 550 295
38 486 270 503 281
start proc frame 513
22 441 264 486 300
30 509 255 549 295
start proc frame 514
22 440 264 484 300
30 507 255 547 294
start proc frame 515
22 438 264 482 300
30 505 254 545 294
38 479 270 495 281
start proc frame 516
22 436 265 480 300
30 502 254 543 294
38 477 270 494 281
start proc frame 517
22 434 265 478 300
38 476 269 492 280
30 500 254 541 294
start proc frame 518
22 432 264 476 299
30 499 254 540 294
start proc frame 519
22 431 264 475 298
30 498 254 539 294
start proc frame 520
22 429 263 472 298
38 470 268 486 279
30 497 254 538 294
start proc frame 521
22 428 263 471 298
38 469 269 485 280
30 495 254 536 294
start proc frame 522
22 427 263 470 297
30 494 254 535 294
38 468 269 484 280
start proc frame 523
22 426 263 468 297
30 492 254 534 294
38 465 268 482 279
start proc frame 524
22 424 263 467 297
30 490 254 532 294
start proc frame 525
22 423 263 466 297
30 489 254 531 294
start proc frame 526
22 421 263 463 297
38 460 268 477 279
start proc frame 527
22 420 264 462 298
38 460 269 477 280
start proc frame 528
22 419 264 461 298
start proc frame 529
22 418 264 460 298
start proc frame 530
22 417 263 459 297
start proc frame 531
22 416 263 459 297
38 455 268 472 279
start proc frame 532
22 416 263 458 296
38 453 267 471 279
start proc frame 533
22 415 262 456 296
38 452 267 469 278
start proc frame 534
22 414 262 455 296
38 451 267 468 278
start proc frame 535
22 413 262 454 295
38 450 267 468 279
start proc frame 536
22 412 262 453 295
38 449 267 467 278
start proc frame 537
22 411 262 452 295
38 449 268 467 279
start proc frame 538
22 411 262 452 296
30 481 253 528 294
38 448 267 466 279
start proc frame 539
22 411 262 451 296
38 448 267 465 279
30 481 253 529 294
start proc frame 540
22 410 263 450 296
38 448 268 465 280
start proc frame 541
22 409 263 449 297
38 446 268 463 279
start proc frame 542
22 408 264 449 297
38 445 267 462 279
start proc frame 543
22 408 263 448 297
38 444 267 461 279
start proc frame 544
22 407 263 448 297
38 443 267 461 278
start proc frame 545
22 406 263 447 297
38 443 267 460 278
start proc frame 546
22 406 263 447 297
38 442 267 460 278
start proc frame 547
22 405 263 447 297
38 442 267 459 279
start proc frame 548
22 405 263 446 297
38 441 267 459 278
start proc frame 549
22 405 263 446 297
38 440 266 458 278
start proc frame 550
22 404 263 445 296
38 440 266 458 278
start proc frame 551
22 403 263 444 296
38 440 266 458 278
start proc frame 552
22 403 263 443 296
38 440 268 458 279
start proc frame 553
22 403 262 443 296
38 439 268 457 280
start proc frame 554
22 402 262 443 295
38 439 268 457 279
start proc frame 555
22 403 262 443 296
38 439 267 456 279
30 479 251 532 296
start proc frame 556
22 403 262 443 296
start proc frame 557
22 403 262 442 296
38 438 267 456 278
start proc frame 558
22 402 262 442 296
38 438 267 455 278
start proc frame 559
22 402 262 441 295
38 438 267 455 278
start proc frame 560
22 402 262 441 295
38 437 266 455 278
start proc frame 561
22 401 262 440 295
38 437 266 454 278
start proc frame 562
22 401 262 440 295
38 436 266 453 278
start proc frame 563
22 401 262 440 295
38 435 266 453 278
start proc frame 564
22 401 262 441 295
start proc frame 565
22 400 262 441 295
38 435 266 452 278
start proc frame 566
22 400 262 441 295
38 434 266 452 278
start proc frame 567
22 400 262 441 295
38 434 267 452 278
start proc frame 568
22 400 262 441 295
38 435 267 452 278
start proc frame 569
22 400 262 440 295
38 435 267 452 278
start proc frame 570
22 400 262 440 295
38 434 266 452 278
start proc frame 571
22 399 263 440 296
38 434 266 452 278
start proc frame 572
22 399 263 439 296
38 434 266 452 278
start proc frame 573
22 398 263 439 296
38 433 266 451 278
start proc frame 574
22 398 263 439 296
38 433 266 451 278
start proc frame 575
22 398 263 439 296
38 433 266 451 278
start proc frame 576
22 398 263 439 296
38 433 267 451 279
start proc frame 577
22 398 263 439 296
38 433 267 451 280
start proc frame 578
22 398 264 439 296
38 433 268 451 280
start proc frame 579
22 399 264 440 297
38 433 268 451 281
start proc frame 580
22 399 264 441 297
38 433 269 451 281
start proc frame 581
22 400 264 441 297
38 433 269 450 282
start proc frame 582
22 400 264 442 297
38 434 270 450 282
start proc frame 583
22 400 265 442 298
38 434 270 450 282
start proc frame 584
22 400 265 442 298
38 434 269 451 281
start proc frame 585
22 400 266 442 298
38 434 269 451 281
start proc frame 586
22 400 266 442 299
38 434 269 451 281
start proc frame 587
22 401 265 443 298
38 434 269 451 281
start proc frame 588
22 402 265 443 298
38 435 269 451 281
start proc frame 589
22 402 265 443 298
38 435 269 451 281
start proc frame 590
22 403 264 443 298
38 435 269 451 281
start proc frame 591
22 404 265 444 298
start proc frame 592
22 404 264 445 298
38 435 269 452 281
start proc frame 593
22 404 265 444 298
30 489 247 547 300
38 435 269 452 281
start proc frame 594
22 405 265 445 298
38 436 268 453 281
start proc frame 595
22 405 265 445 298
38 436 268 453 280
start proc frame 596
22 406 265 445 298
38 436 268 453 281
start proc frame 597
22 405 265 445 298
38 436 267 454 280
start proc frame 598
22 405 265 444 298
38 436 267 453 280
start proc frame 599
22 405 265 444 298
38 436 267 453 280
start proc frame 600
22 406 265 445 297
38 437 268 454 280
start proc frame 601
22 407 265 445 297
38 437 268 454 281
start proc frame 602
22 408 265 446 297
38 438 268 455 280
start proc frame 603
22 409 265 448 297
start proc frame 604
22 409 265 448 297
38 439 268 456 281
30 501 249 561 304
start proc frame 605
22 409 265 448 297
start proc frame 606
22 409 265 449 298
38 440 269 456 281
start proc frame 607
22 410 265 449 298
38 441 268 456 280
start proc frame 608
22 410 265 450 298
38 441 268 456 280
start proc frame 609
22 410 265 450 298
38 441 267 456 279
42 402 268 417 279
start proc frame 610
22 410 265 450 298
38 441 267 456 279
start proc frame 611
22 411 265 450 298
42 402 267 417 278
start proc frame 612
22 411 265 451 298
42 402 268 418 279
start proc frame 613
22 412 265 451 298
42 402 268 418 279
start proc frame 614
22 412 265 451 298
42 403 268 418 279
start proc frame 615
22 413 265 452 298
42 404 268 419 279
start proc frame 616
22 414 265 453 297
42 405 267 421 279
start proc frame 617
22 414 266 453 298
42 405 267 422 279
start proc frame 618
22 415 266 454 297
42 405 267 423 278
start proc frame 619
22 416 266 455 297
42 405 267 423 279