start proc frame 0
2 106 243 240 329
6 345 250 413 316
10 418 266 461 298
start proc frame 1
2 107 245 240 330
6 345 250 412 315
10 420 265 461 295
start proc frame 2
2 105 244 240 329
6 344 247 413 317
10 420 266 461 297
start proc frame 3
2 105 245 241 330
6 343 246 413 318
10 421 265 462 296
start proc frame 4
2 107 245 241 330
6 343 245 413 318
start proc frame 5
2 108 245 241 329
6 342 245 413 319
10 422 267 463 298
start proc frame 6
2 108 245 241 330
6 341 245 413 318
start proc frame 7
2 107 246 241 331
6 341 246 411 318
10 424 265 465 297
start proc frame 8
2 106 245 241 331
6 340 246 411 319
start proc frame 9
2 106 246 241 331
6 340 246 411 319
start proc frame 10
2 105 245 241 330
6 339 246 412 318
start proc frame 11
2 105 245 241 330
6 339 245 412 318
start proc frame 12
2 104 244 240 330
6 339 245 412 319
10 427 265 467 298
start proc frame 13
2 103 245 240 330
6 339 246 413 319
start proc frame 14
2 102 246 239 331
6 339 246 412 319
start proc frame 15
2 101 246 239 331
6 339 246 412 319
start proc frame 16
2 101 245 238 330
6 339 246 413 320
start proc frame 17
2 101 245 238 330
6 339 246 413 319
start proc frame 18
2 100 244 237 329
6 339 245 413 317
start proc frame 19
2 101 243 237 328
6 338 245 412 316
start proc frame 20
2 102 243 237 327
6 338 244 411 317
start proc frame 21
2 103 242 236 326
6 337 245 411 316
start proc frame 22
2 102 241 236 326
6 337 246 411 316
start proc frame 23
2 104 241 237 325
6 336 246 411 316
start proc frame 24
2 104 240 236 324
6 336 247 412 316
start proc frame 25
2 105 241 237 324
6 336 248 412 316
start proc frame 26
2 105 241 236 325
6 336 248 412 316
start proc frame 27
2 104 241 235 324
6 336 249 412 316
start proc frame 28
2 103 241 234 324
6 336 249 412 316
start proc frame 29
2 106 242 237 325
6 336 249 413 315
start proc frame 30
2 105 243 235 326
6 336 249 413 315
start proc frame 31
2 106 244 236 327
6 335 249 412 315
start proc frame 32
2 108 244 238 328
6 335 249 412 315
start proc frame 33
2 109 244 239 328
6 335 249 413 315
start proc frame 34
2 110 245 240 329
6 335 250 413 315
start proc frame 35
2 110 245 240 329
6 335 250 412 315
start proc frame 36
2 109 244 239 328
6 336 250 412 315
start proc frame 37
2 109 243 238 327
6 336 250 413 315
start proc frame 38
2 109 242 238 325
6 336 249 413 315
start proc frame 39
2 108 241 237 324
6 336 248 413 314
start proc frame 40
2 108 241 237 324
6 336 248 413 314
start proc frame 41
2 108 241 236 324
6 336 248 413 314
start proc frame 42
2 107 241 236 324
6 336 247 413 313
start proc frame 43
2 107 241 236 324
6 336 247 413 313
start proc frame 44
2 107 241 235 324
6 337 246 414 312
start proc frame 45
2 108 241 235 324
6 337 246 414 312
start proc frame 46
2 108 241 235 324
6 337 244 414 311
start proc frame 47
2 108 241 234 323
6 338 245 414 312
start proc frame 48
2 108 241 234 323
6 338 244 415 311
10 456 267 504 304
start proc frame 49
2 109 242 233 323
6 338 243 415 311
start proc frame 50
2 109 242 233 323
6 339 243 414 312
start proc frame 51
2 109 242 233 323
6 339 242 415 312
start proc frame 52
2 109 242 233 323
6 339 242 414 313
start proc frame 53
2 109 242 233 323
6 340 242 414 314
start proc frame 54
2 109 242 233 323
6 341 243 414 314
start proc frame 55
2 109 242 233 322
6 341 242 414 314
10 461 269 517 310
start proc frame 56
2 110 241 233 322
6 342 243 416 315
10 462 269 519 311
start proc frame 57
2 111 241 234 323
6 343 245 417 316
start proc frame 58
2 111 242 233 323
6 344 246 419 317
start proc frame 59
2 111 242 233 323
6 345 247 420 317
start proc frame 60
2 110 242 232 324
6 346 248 421 318
start proc frame 61
2 110 243 232 325
6 345 245 420 316
start proc frame 62
2 109 243 231 324
6 346 245 421 316
start proc frame 63
2 109 242 231 324
6 348 244 422 315
start proc frame 64
2 108 242 231 324
6 349 244 423 316
start proc frame 65
2 108 242 230 324
6 350 243 424 316
start proc frame 66
2 108 243 230 325
6 350 244 424 316
start proc frame 67
2 107 243 230 325
6 352 244 425 317
start proc frame 68
2 108 243 230 325
6 353 244 426 317
start proc frame 69
2 108 242 230 324
6 353 245 427 318
start proc frame 70
2 107 241 231 323
6 355 246 429 318
start proc frame 71
2 108 241 231 323
6 356 246 431 318
start proc frame 72
2 107 241 230 322
6 358 245 432 317
start proc frame 73
2 108 241 231 322
6 360 244 434 317
start proc frame 74
2 109 242 232 323
6 360 243 434 316
start proc frame 75
2 109 243 232 324
6 361 243 435 316
start proc frame 76
2 109 243 232 323
6 361 243 436 315
start proc frame 77
2 108 243 232 324
6 362 243 437 316
start proc frame 78
2 108 242 231 323
6 363 244 439 317
start proc frame 79
2 106 241 230 322
6 365 244 441 317
start proc frame 80
2 106 241 230 323
6 366 245 442 318
start proc frame 81
2 106 242 230 324
6 367 245 443 318
start proc frame 82
2 106 242 230 325
6 368 246 445 318
14 359 235 408 287
start proc frame 83
2 107 242 230 325
6 370 248 447 319
start proc frame 84
2 107 243 230 326
6 372 249 448 320
14 360 235 406 286
start proc frame 85
2 107 243 231 326
6 374 250 450 321
14 360 235 406 286
start proc frame 86
2 107 242 231 325
6 376 251 452 321
14 360 235 407 288
start proc frame 87
2 107 242 231 326
6 378 251 453 322
14 361 236 407 289
start proc frame 88
2 107 243 231 325
6 379 251 454 322
14 362 236 407 289
start proc frame 89
2 107 242 231 325
6 380 252 456 322
14 362 236 408 289
start proc frame 90
2 107 242 231 325
6 382 253 457 323
14 362 235 407 290
start proc frame 91
2 107 241 230 323
6 384 252 460 322
14 363 235 407 289
start proc frame 92
2 107 240 231 322
6 386 252 462 322
14 363 235 408 289
start proc frame 93
2 107 239 230 322
6 388 251 463 322
14 364 235 408 289
start proc frame 94
2 106 240 230 322
6 390 251 465 322
14 365 235 409 289
start proc frame 95
2 106 241 229 322
6 391 251 466 322
14 364 235 409 289
start proc frame 96
2 106 241 228 322
6 393 251 468 322
14 364 235 409 289
start proc frame 97
2 105 241 228 321
6 394 251 469 322
14 364 235 408 289
start proc frame 98
6 396 250 471 322
2 105 240 227 320
14 364 235 409 289
start proc frame 99
2 104 241 226 321
6 397 249 472 320
14 364 234 409 288
start proc frame 100
2 103 240 227 320
6 399 248 474 319
14 364 234 409 287
start proc frame 101
2 104 241 227 320
6 401 248 476 319
14 364 234 409 287
start proc frame 102
2 104 241 227 320
6 403 248 478 320
14 364 234 408 287
start proc frame 103
6 405 249 479 320
2 103 241 227 320
14 364 233 408 286
start proc frame 104
6 406 249 481 320
2 103 241 227 320
14 364 234 408 286
start proc frame 105
2 104 241 228 321
6 408 249 483 321
14 363 233 408 286
start proc frame 106
2 104 242 227 321
6 409 251 484 322
14 363 233 408 286
start proc frame 107
2 104 242 228 321
6 410 251 486 323
14 363 233 408 286
start proc frame 108
2 104 242 227 321
6 412 252 487 323
14 363 234 408 286
18 566 260 740 392
start proc frame 109
2 103 243 226 322
6 414 252 489 323
14 363 234 409 286
18 571 267 754 396
start proc frame 110
2 102 243 226 322
6 415 252 489 323
14 363 235 408 287
18 577 269 765 400
start proc frame 111
2 102 243 226 322
6 415 252 490 323
14 362 235 408 287
18 583 270 778 403
start proc frame 112
2 101 243 225 322
6 416 252 492 323
14 362 235 408 287
18 591 273 788 406
start proc frame 113
2 100 243 224 322
6 417 252 493 323
14 361 236 407 288
18 596 278 796 411
start proc frame 114
2 99 243 224 322
6 419 252 495 322
14 361 236 407 288
start proc frame 115
2 99 242 223 321
6 421 252 496 321
18 604 277 801 415
14 361 236 408 288
start proc frame 116
2 99 243 222 321
6 423 252 497 322
14 361 236 408 288
18 608 276 801 416
start proc frame 117
2 99 242 221 321
6 423 252 497 321
14 361 236 408 287
18 612 273 801 416
start proc frame 118
2 98 242 220 321
6 424 252 497 321
14 361 236 407 288
18 617 273 801 417
start proc frame 119
2 97 242 218 320
6 425 252 498 321
start proc frame 120
2 96 241 217 320
6 425 252 499 321
14 361 237 406 289
start proc frame 121
2 94 241 215 319
6 426 252 500 321
start proc frame 122
2 92 241 214 319
6 427 252 502 321
start proc frame 123
2 91 241 214 319
6 428 253 503 321
start proc frame 124
2 91 241 214 320
6 429 252 504 321
start proc frame 125
2 91 241 214 320
6 430 252 505 321
18 661 304 801 440
start proc frame 126
2 91 241 213 320
6 431 251 506 320
start proc frame 127
2 91 241 213 320
6 432 251 507 320
start proc frame 128
2 90 241 212 320
6 433 251 507 320
start proc frame 129
2 90 242 211 320
6 433 251 507 320
start proc frame 130
2 89 241 211 319
6 433 251 506 320
14 356 238 399 290
start proc frame 131
2 87 240 209 318
6 433 251 506 321
start proc frame 132
2 86 240 208 319
6 433 252 506 321
start proc frame 133
2 85 240 207 319
6 434 252 505 322
start proc frame 134
6 434 252 505 322
2 84 241 207 319
14 354 239 397 290
start proc frame 135
6 434 253 505 322
2 82 242 205 320
14 353 239 396 289
start proc frame 136
2 81 242 203 320
6 434 254 505 322
14 352 240 394 290
start proc frame 137
2 81 242 202 320
6 434 254 505 322
14 350 239 393 290
start proc frame 138
6 434 255 505 322
2 79 242 201 320
14 350 240 392 290
start proc frame 139
6 434 255 505 321
2 78 243 199 320
14 349 239 392 289
start proc frame 140
6 434 255 505 321
2 76 242 198 319
14 349 241 391 290
start proc frame 141
6 434 255 504 321
2 75 242 198 319
14 348 242 390 290
start proc frame 142
6 434 254 503 321
2 75 242 197 319
14 347 242 388 289
start proc frame 143
6 433 253 503 320
2 74 241 196 319
14 346 241 387 288
start proc frame 144
2 72 241 193 319
6 433 252 502 319
start proc frame 145
2 70 241 192 319
6 432 252 502 319
14 344 239 385 286
start proc frame 146
2 69 240 190 318
6 431 252 501 319
start proc frame 147
2 66 240 189 318
6 429 252 500 319
start proc frame 148
2 64 240 188 318
6 427 252 499 320
start proc frame 149
2 63 239 186 318
6 426 252 498 320
start proc frame 150
2 61 240 184 319
6 425 252 497 319
start proc frame 151
2 59 240 182 319
6 424 251 496 319
14 338 240 378 285
start proc frame 152
2 56 239 180 319
6 423 251 495 319
14 337 243 376 287
start proc frame 153
2 55 240 178 319
6 422 252 494 320
start proc frame 154
2 53 240 176 319
6 421 253 494 321
start proc frame 155
2 51 240 175 319
6 420 253 493 321
start proc frame 156
2 48 240 173 319
6 418 254 491 322
14 330 240 369 284
start proc frame 157
2 47 240 171 319
6 415 255 489 322
14 329 240 369 285
22 332 269 363 285
start proc frame 158
2 45 240 170 319
6 414 255 488 322
22 330 270 363 286
start proc frame 159
2 43 241 167 319
6 412 255 487 321
14 326 244 366 288
start proc frame 160
2 40 241 165 320
6 411 255 485 321
14 325 247 365 290
start proc frame 161
2 36 241 161 320
6 409 256 484 322
14 324 245 364 289
start proc frame 162
2 35 241 160 320
6 408 256 483 321
14 323 247 363 290
start proc frame 163
2 32 241 158 320
6 406 255 482 321
14 322 246 361 290
start proc frame 164
2 30 242 156 320
6 404 256 480 321
14 320 246 360 289
start proc frame 165
2 27 242 154 320
6 403 255 479 320
14 320 245 359 289
start proc frame 166
2 25 242 154 321
6 402 255 478 320
14 319 247 357 290
start proc frame 167
2 24 242 153 321
6 400 255 477 320
start proc frame 168
2 22 241 151 320
6 399 255 476 320
14 315 249 353 291
start proc frame 169
2 20 241 149 320
6 398 254 475 319
14 314 246 352 290
start proc frame 170
2 17 240 146 320
6 396 253 473 318
14 313 243 351 288
start proc frame 171
2 17 240 147 319
6 395 253 471 318
14 312 242 350 288
start proc frame 172
2 16 239 146 319
6 393 253 470 318
14 310 243 348 288
start proc frame 173
2 14 239 144 318
6 391 253 468 318
14 310 242 348 287
start proc frame 174
2 11 239 141 318
6 390 253 466 318
14 308 242 346 287
start proc frame 175
2 9 240 139 318
6 389 253 465 319
14 307 243 344 288
start proc frame 176
2 5 240 136 319
6 387 253 464 319
14 306 242 344 288
start proc frame 177
2 4 240 136 318
6 386 253 463 318
14 304 240 343 287
start proc frame 178
2 4 239 136 317
6 385 252 461 318
14 303 238 342 285
start proc frame 179
2 4 238 135 317
6 383 252 459 318
14 301 238 341 285
start proc frame 180
2 4 238 134 317
6 382 252 458 319
14 300 237 340 284
start proc frame 181
2 3 238 133 316
6 381 253 456 319
14 299 236 339 284
start proc frame 182
2 2 238 130 317
6 379 253 455 320
14 297 237 337 285
start proc frame 183
2 1 238 130 317
6 377 253 454 320
14 296 237 336 285
start proc frame 184
2 0 238 128 317
6 376 252 452 320
14 295 238 335 286
start proc frame 185
2 0 238 127 317
6 374 252 450 319
14 294 239 333 286
start proc frame 186
2 0 238 126 317
6 373 252 448 319
14 292 238 332 287
start proc frame 187
2 0 238 124 317
6 371 252 447 319
14 292 238 331 287
start proc frame 188
2 0 238 122 317
6 370 252 446 320
14 291 238 331 287
start proc frame 189
6 369 251 444 319
2 0 238 121 317
14 290 238 330 287
start proc frame 190
6 367 251 443 319
2 0 238 120 317
14 289 239 329 288
start proc frame 191
6 366 252 441 319
2 0 238 119 317
start proc frame 192
2 0 238 119 317
6 365 252 440 319
14 286 239 326 288
start proc frame 193
2 0 238 118 317
6 363 252 438 320
14 285 239 325 287
start proc frame 194
2 0 238 117 316
6 362 252 437 320
14 283 237 324 286
start proc frame 195
6 361 253 436 321
2 0 238 115 316
14 283 238 323 287
start proc frame 196
6 360 252 435 321
2 0 238 114 316
14 282 238 322 287
start proc frame 197
2 0 238 113 316
6 359 252 433 321
14 282 238 323 287
start proc frame 198
6 357 252 432 321
2 0 237 113 315
14 281 239 322 287
start proc frame 199
6 357 252 431 321
2 0 238 111 316
start proc frame 200
6 356 252 431 321
2 0 239 111 316
start proc frame 201
6 354 252 429 321
2 0 240 110 317
start proc frame 202
6 354 253 429 322
2 0 240 109 317
start proc frame 203
6 353 253 428 322
2 0 240 107 317
start proc frame 204
6 352 253 428 323
2 0 239 105 316
14 277 241 318 289
start proc frame 205
6 351 252 427 322
2 0 239 105 315
14 277 240 318 288
start proc frame 206
6 351 252 426 322
2 0 239 104 315
14 276 239 317 287
start proc frame 207
6 349 251 424 321
2 0 239 104 315
14 275 238 316 287
start proc frame 208
6 349 251 423 321
2 0 239 103 315
14 274 237 315 286
start proc frame 209
6 348 250 422 321
2 0 239 102 315
14 273 237 315 286
start proc frame 210
6 348 251 422 321
2 0 238 102 314
14 272 238 314 286
start proc frame 211
6 347 250 421 320
2 0 239 101 314
14 272 238 314 287
start proc frame 212
6 346 251 421 320
2 0 238 100 314
14 272 237 314 286
start proc frame 213
6 346 252 420 321
2 0 239 100 314
14 272 237 314 285
start proc frame 214
2 0 238 99 315
6 345 252 420 322
14 272 236 314 284
start proc frame 215
6 345 252 420 322
2 0 238 98 314
14 272 236 314 284
start proc frame 216
6 345 252 420 322
2 0 238 97 314
14 272 236 314 284
start proc frame 217
2 0 237 96 314
6 344 251 420 322
14 272 236 314 284
start proc frame 218
6 343 251 419 322
2 0 237 96 314
14 272 236 313 284
start proc frame 219
2 0 238 95 314
6 342 251 418 322
14 271 236 313 283
start proc frame 220
2 0 238 94 314
6 341 250 417 322
14 271 235 313 283
start proc frame 221
2 0 237 94 313
6 340 249 416 321
14 271 236 313 283
start proc frame 222
6 340 249 416 322
2 0 237 93 313
14 271 236 313 283
start proc frame 223
6 340 248 416 321
2 0 237 93 313
14 271 236 313 282
start proc frame 224
6 339 248 415 321
2 0 237 93 313
14 271 236 313 283
start proc frame 225
6 340 247 416 320
2 0 238 92 313
14 272 238 313 284
start proc frame 226
2 0 238 91 313
6 340 246 416 320
14 272 238 312 284
start proc frame 227
6 340 246 416 320
2 0 237 91 313
14 272 238 312 284
start proc frame 228
6 340 246 416 320
2 0 238 91 313
14 271 238 312 283
start proc frame 229
6 341 246 416 320
2 0 238 91 314
14 271 238 311 283
start proc frame 230
2 0 239 90 314
6 341 247 416 321
14 271 238 311 283
start proc frame 231
2 0 239 90 315
6 341 247 417 321
14 272 240 312 284
start proc frame 232
6 341 247 417 322
2 0 240 89 315
14 273 241 312 285
start proc frame 233
6 341 248 418 322
2 0 240 89 316
14 273 244 312 286
start proc frame 234
6 342 247 418 322
2 0 241 89 317
14 273 245 312 287
start proc frame 235
6 342 247 419 322
2 0 240 88 317
14 273 246 312 287
start proc frame 236
6 343 247 420 322
2 0 240 88 317
14 274 246 313 286
start proc frame 237
2 0 241 87 317
6 344 247 421 323
14 274 245 313 286
start proc frame 238
6 344 247 421 323
2 0 240 87 317
14 275 245 314 285
start proc frame 239
6 345 247 423 323
2 0 240 87 317
14 275 245 314 285
start proc frame 240
2 0 239 86 316
6 346 246 423 322
14 275 243 314 284
start proc frame 241
2 0 239 86 315
6 347 246 425 322
14 276 243 315 283
start proc frame 242
2 0 239 86 315
6 348 246 425 321
14 276 242 315 282
start proc frame 243
2 0 239 85 315
6 349 245 426 321
14 277 242 315 282
start proc frame 244
2 0 239 85 315
6 350 246 427 321
14 278 242 316 281
start proc frame 245
6 351 245 428 321
2 0 239 85 315
14 278 243 316 282
start proc frame 246
6 353 245 430 321
2 0 239 85 316
14 278 244 317 283
start proc frame 247
6 354 246 431 321
2 0 240 85 316
start proc frame 248
2 0 239 85 315
6 355 246 433 321
start proc frame 249
6 357 245 434 321
2 0 239 85 315
14 279 243 317 282
start proc frame 250
6 358 245 435 320
2 0 239 84 314
14 279 242 318 281
start proc frame 251
6 360 245 437 320
2 0 239 84 314
14 279 240 318 280
start proc frame 252
6 361 245 439 320
2 0 239 85 314
14 279 239 318 279
start proc frame 253
6 362 245 441 320
2 0 239 85 315
14 280 239 318 279
start proc frame 254
6 364 245 443 320
2 0 239 85 314
14 280 239 319 279
start proc frame 255
6 365 245 444 320
2 0 239 85 314
start proc frame 256
6 365 244 446 319
2 0 239 84 314
14 281 238 320 278
start proc frame 257
6 366 245 447 319
2 0 239 84 314
14 282 238 321 279
start proc frame 258
6 368 245 450 319
2 0 239 83 313
14 282 238 321 279
start proc frame 259
6 369 245 451 319
2 0 239 83 314
14 282 237 321 279
start proc frame 260
6 371 245 453 318
2 0 239 83 314
14 283 237 322 279
start proc frame 261
2 0 238 83 314
6 373 246 456 319
14 282 237 321 280
start proc frame 262
2 0 238 83 314
6 374 246 459 319
14 282 237 321 280
start proc frame 263
2 0 238 82 314
6 376 246 461 319
14 282 237 321 280
start proc frame 264
2 0 238 82 314
6 379 247 464 319
14 281 237 320 280
start proc frame 265
2 0 238 81 315
6 381 248 467 321
14 281 237 320 280
start proc frame 266
2 0 238 81 315
6 384 248 471 321
14 281 237 320 280
start proc frame 267
2 0 238 79 315
6 386 247 474 320
14 282 237 320 281
start proc frame 268
2 0 237 78 315
6 389 247 477 320
14 282 237 321 281
start proc frame 269
6 392 247 480 320
2 0 237 77 315
14 283 238 322 282
start proc frame 270
2 0 237 76 314
6 394 246 483 320
14 284 238 322 282
start proc frame 271
2 0 237 76 314
6 397 246 487 320
14 284 238 323 282
start proc frame 272
6 399 246 489 319
2 0 237 76 314
14 285 238 323 282
start proc frame 273
6 402 246 493 319
2 0 237 75 314
14 285 237 324 282
start proc frame 274
2 0 237 75 314
6 405 246 497 319
14 286 237 324 282
start proc frame 275
6 407 245 499 319
2 0 237 74 313
14 285 236 324 281
start proc frame 276
2 0 237 73 313
6 410 246 503 320
14 285 236 324 281
start proc frame 277
2 0 237 72 313
6 412 247 506 320
14 285 236 324 281
start proc frame 278
2 0 237 71 312
6 415 247 509 320
14 285 235 324 281
start proc frame 279
6 418 247 512 320
2 0 237 69 312
14 285 235 324 280
start proc frame 280
6 421 247 516 321
2 0 238 67 312
start proc frame 281
6 423 247 519 321
2 0 238 65 311
start proc frame 282
6 426 246 523 321
2 0 238 63 311
start proc frame 283
6 429 246 526 321
2 0 238 61 311
start proc frame 284
6 433 246 531 321
2 0 239 61 311
14 285 235 324 282
start proc frame 285
6 437 246 536 321
2 0 239 61 310
start proc frame 286
6 440 246 539 322
2 0 239 61 310
start proc frame 287
6 443 247 543 322
2 0 239 60 309
start proc frame 288
6 447 247 547 323
2 0 239 59 310
14 284 236 323 282
start proc frame 289
6 452 248 552 323
2 0 240 58 310
14 284 236 324 282
start proc frame 290
6 455 249 556 324
14 285 236 324 282
2 0 241 55 311
start proc frame 291
6 459 249 560 324
2 0 244 53 313
14 285 237 324 282
start proc frame 292
6 463 250 564 325
14 285 237 325 282
2 0 244 51 313
start proc frame 293
6 467 251 569 325
14 285 237 324 282
start proc frame 294
6 471 251 574 326
14 286 238 325 282
start proc frame 295
6 475 252 579 326
14 285 238 324 282
start proc frame 296
6 480 252 585 327
14 286 238 324 282
start proc frame 297
6 485 252 591 327
14 286 237 324 282
start proc frame 298
6 489 253 596 327
14 287 238 325 282
start proc frame 299
6 493 253 600 327
14 287 238 324 282
start proc frame 300
6 497 253 605 328
14 286 238 324 282
start proc frame 301
6 500 253 609 328
14 286 240 324 283
start proc frame 302
6 504 254 613 328
start proc frame 303
6 508 254 618 328
14 285 240 323 284
start proc frame 304
6 513 255 623 329
14 285 240 323 284
2 0 266 42 337
start proc frame 305
6 518 255 628 330
14 285 240 323 283
2 0 263 41 337
start proc frame 306
6 523 256 634 331
14 284 240 322 284
2 0 262 41 338
start proc frame 307
6 528 257 640 332
2 0 262 43 339
14 283 241 321 285
start proc frame 308
6 534 258 646 333
14 283 243 321 286
start proc frame 309
6 539 259 652 334
2 0 258 48 337
14 283 243 321 287
start proc frame 310
6 544 260 657 335
2 0 255 51 336
14 282 244 320 288
start proc frame 311
6 549 261 663 336
14 281 245 319 288
2 2 253 54 335
start proc frame 312
6 555 262 669 337
2 2 252 55 336
14 280 245 318 289
start proc frame 313
6 560 262 674 337
14 279 245 317 289
2 2 251 57 334
start proc frame 314
6 566 262 681 337
2 2 250 58 336
14 279 245 317 289
start proc frame 315
6 572 262 687 337
2 2 248 59 336
14 279 245 316 288
start proc frame 316
6 578 262 694 337
2 2 247 61 336
start proc frame 317
6 583 262 701 337
2 3 246 64 337
14 278 246 315 289
start proc frame 318
6 588 263 706 337
2 4 244 65 337
start proc frame 319
6 593 263 712 338
2 5 243 67 338
14 277 248 314 290
start proc frame 320
6 598 263 718 338
2 5 241 69 337
14 275 249 312 291
start proc frame 321
6 604 264 724 338
2 5 238 70 336
start proc frame 322
6 609 264 729 337
2 5 235 71 334
start proc frame 323
6 614 264 736 338
2 5 232 72 333
start proc frame 324
6 620 263 742 338
2 5 230 73 332
start proc frame 325
6 624 263 746 337
2 5 230 74 331
14 269 246 306 288
start proc frame 326
6 631 262 754 336
2 5 230 74 331
start proc frame 327
6 637 261 760 335
2 4 230 75 331
start proc frame 328
6 641 261 764 334
2 4 230 75 332
start proc frame 329
6 648 261 772 334
2 4 230 76 333
start proc frame 330
6 653 261 777 334
2 3 231 77 333
start proc frame 331
6 659 261 784 334
2 2 230 76 332
start proc frame 332
6 663 261 788 334
2 2 230 76 331
start proc frame 333
6 668 262 792 335
2 1 229 75 330
start proc frame 334
6 671 262 795 335
2 0 228 75 329
start proc frame 335
6 675 262 797 336
2 0 228 74 328
start proc frame 336
6 678 262 799 336
2 0 228 73 328
start proc frame 337
6 682 261 801 336
2 0 229 72 328
start proc frame 338
6 685 261 801 336
2 0 229 72 327
start proc frame 339
6 689 261 801 336
2 0 229 71 326
start proc frame 340
6 692 261 801 336
2 0 229 71 326
start proc frame 341
6 695 261 801 336
2 0 229 69 325
start proc frame 342
6 698 260 801 336
2 0 229 66 325
start proc frame 343
6 702 260 801 335
2 0 230 64 325
start proc frame 344
6 705 261 801 336
2 0 231 61 325
start proc frame 345
6 710 262 801 337
2 0 231 59 324
start proc frame 346
6 712 264 801 339
2 0 231 58 323
start proc frame 347
6 717 264 801 339
2 0 231 57 322
start proc frame 348
6 722 264 801 339
2 0 233 54 321
start proc frame 349
6 726 264 801 340
2 0 233 52 320
start proc frame 350
6 731 264 801 339
2 0 234 50 319
start proc frame 351
6 736 264 801 340
2 0 235 47 319
start proc frame 352
6 740 264 801 339
2 0 237 44 319
start proc frame 353
6 744 264 801 339
start proc frame 354
6 749 264 801 339
start proc frame 355
6 752 264 801 338
start proc frame 356
start proc frame 357
start proc frame 358
start proc frame 359
start proc frame 360
start proc frame 361
start proc frame 362
start proc frame 363
start proc frame 364
start proc frame 365
start proc frame 366
start proc frame 367
start proc frame 368
start proc frame 369
start proc frame 370
start proc frame 371
start proc frame 372
start proc frame 373
start proc frame 374
start proc frame 375
start proc frame 376
start proc frame 377
start proc frame 378
start proc frame 379
start proc frame 380
start proc frame 381
start proc frame 382
start proc frame 383
start proc frame 384
start proc frame 385
start proc frame 386
start proc frame 387
start proc frame 388
start proc frame 389
start proc frame 390
start proc frame 391
start proc frame 392
start proc frame 393
start proc frame 394
start proc frame 395
start proc frame 396
start proc frame 397
start proc frame 398
start proc frame 399
start proc frame 400
start proc frame 401
start proc frame 402
start proc frame 403
start proc frame 404
start proc frame 405
start proc frame 406
start proc frame 407
start proc frame 408
start proc frame 409
start proc frame 410
start proc frame 411
start proc frame 412
start proc frame 413
start proc frame 414
start proc frame 415
start proc frame 416
start proc frame 417
start proc frame 418
start proc frame 419
start proc frame 420
start proc frame 421
30 773 276 801 324
start proc frame 422
30 772 277 801 323
start proc frame 423
30 768 276 800 324
start proc frame 424
30 766 277 798 327
start proc frame 425
30 763 278 798 329
start proc frame 426
30 759 279 797 332
start proc frame 427
30 756 277 796 333
start proc frame 428
30 752 276 795 333
start proc frame 429
30 749 277 794 334
start proc frame 430
30 745 275 794 333
start proc frame 431
30 742 275 791 333
start proc frame 432
30 737 276 788 333
start proc frame 433
30 734 276 787 334
start proc frame 434
30 730 275 784 333
start proc frame 435
30 726 275 782 333
start proc frame 436
30 721 275 778 333
start proc frame 437
30 717 275 774 332
start proc frame 438
30 712 275 769 332
start proc frame 439
30 707 274 764 331
start proc frame 440
30 702 274 760 331
start proc frame 441
30 697 274 755 330
start proc frame 442
30 692 274 751 330
start proc frame 443
30 687 274 746 330
start proc frame 444
30 683 275 743 329
start proc frame 445
30 677 275 736 329
start proc frame 446
30 674 275 733 329
start proc frame 447
30 668 275 727 329
start proc frame 448
30 666 275 724 328
start proc frame 449
30 660 275 719 328
start proc frame 450
30 657 275 715 328
start proc frame 451
30 652 275 710 327
start proc frame 452
30 649 276 707 328
start proc frame 453
30 644 276 701 327
start proc frame 454
30 640 275 697 326
start proc frame 455
30 635 275 692 326
start proc frame 456
30 631 275 687 325
start proc frame 457
30 627 275 682 324
start proc frame 458
30 623 275 678 324
start proc frame 459
30 618 275 673 323
start proc frame 460
30 613 274 667 322
start proc frame 461
30 609 274 663 322
start proc frame 462
30 604 275 658 322
start proc frame 463
30 600 275 653 321
start proc frame 464
30 595 274 648 320
start proc frame 465
30 591 273 644 319
start proc frame 466
30 586 272 639 319
start proc frame 467
30 582 272 634 318
start proc frame 468
30 577 271 629 317
start proc frame 469
30 573 271 624 316
start proc frame 470
30 569 270 620 315
start proc frame 471
30 564 270 615 315
start proc frame 472
30 561 270 611 314
start proc frame 473
30 556 270 606 314
start proc frame 474
30 552 270 601 314
start proc frame 475
30 547 270 597 314
start proc frame 476
30 544 270 593 314
start proc frame 477
30 540 270 588 313
start proc frame 478
30 536 270 584 313
34 612 267 644 304
start proc frame 479
30 532 270 580 313
start proc frame 480
30 528 270 575 313
34 602 266 635 303
start proc frame 481
30 524 270 572 313
34 598 265 631 303
start proc frame 482
30 521 271 569 313
34 593 265 627 303
start proc frame 483
30 517 271 565 312
34 590 266 623 303
start proc frame 484
30 514 271 561 312
38 573 281 586 292
start proc frame 485
30 510 271 557 312
34 583 265 617 302
start proc frame 486
30 508 271 554 311
34 578 265 613 302
38 563 279 576 290
start proc frame 487
30 504 270 551 310
34 575 265 610 302
start proc frame 488
30 501 270 547 310
34 571 265 607 301
38 555 278 569 288
start proc frame 489
30 498 269 544 309
38 551 277 565 288
34 568 265 604 301
start proc frame 490
30 495 268 542 308
34 565 264 600 301
38 547 277 562 288
start proc frame 491
30 493 267 539 307
34 561 263 597 300
38 544 277 559 288
start proc frame 492
30 490 267 536 307
38 541 276 556 287
34 559 263 594 299
start proc frame 493
30 487 266 533 306
34 556 262 591 299
38 537 276 552 287
start proc frame 494
30 484 266 531 306
38 534 275 549 286
34 553 262 589 299
start proc frame 495
30 481 266 529 306
38 532 275 547 286
start proc frame 496
30 479 267 526 306
start proc frame 497
30 477 267 524 306
34 545 262 582 299
38 526 275 541 286
start proc frame 498
30 474 267 521 306
38 523 275 539 286
start proc frame 499
30 472 267 519 305